Tiempo [segundos] Memoria [MB] Tamaño [N]
Corrida B caso_1 float32:
  0.000432         0.000056         2 
  0.000261         0.000076         3 
  0.000052         0.000104         4 
  0.000052         0.000184         6 
  0.000056         0.000440         10 
  0.000060         0.000940         15 
  0.000080         0.002156         23 
  0.000427         0.004940         35 
  0.000235         0.011276         53 
  0.000547         0.026284         81 
  0.000943         0.059576         122 
  0.002042         0.136940         185 
  0.004740         0.311404         279 
  0.011087         0.712376         422 
  0.028643         1.623116         637 
  0.077359         3.701816         962 
  0.206755         8.444876         1453 
  0.591535         19.254584         2194 
  2.071106         43.877416         3312 
  7.807659         99.960044         4999 
Corrida B caso_2 float32:
  0.000190         0.000056         2 
  0.000077         0.000076         3 
  0.000040         0.000104         4 
  0.000040         0.000184         6 
  0.000044         0.000440         10 
  0.000053         0.000940         15 
  0.000066         0.002156         23 
  0.000345         0.004940         35 
  0.000261         0.011276         53 
  0.000503         0.026284         81 
  0.001192         0.059576         122 
  0.002609         0.136940         185 
  0.006605         0.311404         279 
  0.018095         0.712376         422 
  0.051207         1.623116         637 
  0.153352         3.701816         962 
  0.455178         8.444876         1453 
  1.368549         19.254584         2194 
  4.200972         43.877416         3312 
  13.878424         99.960044         4999 
Corrida B caso_3 float32:
  0.000077         0.000056         2 
  0.000044         0.000076         3 
  0.000042         0.000104         4 
  0.000039         0.000184         6 
  0.000037         0.000440         10 
  0.000046         0.000940         15 
  0.000078         0.002156         23 
  0.000163         0.004940         35 
  0.000241         0.011276         53 
  0.000456         0.026284         81 
  0.001005         0.059576         122 
  0.002516         0.136940         185 
  0.006396         0.311404         279 
  0.017993         0.712376         422 
  0.051621         1.623116         637 
  0.149551         3.701816         962 
  0.452440         8.444876         1453 
  1.352017         19.254584         2194 
  4.180508         43.877416         3312 
  13.791575         99.960044         4999 
Corrida B caso_4 float32:
  0.000136         0.000056         2 
  0.000054         0.000076         3 
  0.000045         0.000104         4 
  0.000045         0.000184         6 
  0.000047         0.000440         10 
  0.000055         0.000940         15 
  0.000084         0.002156         23 
  0.000173         0.004940         35 
  0.000223         0.011276         53 
  0.000316         0.026284         81 
  0.000458         0.059576         122 
  0.000894         0.136940         185 
  0.001723         0.311404         279 
  0.003255         0.712376         422 
  0.010108         1.623116         637 
  0.024971         3.701816         962 
  0.087940         8.444876         1453 
  0.251088         19.254584         2194 
  1.091630         43.877416         3312 
  4.789041         99.960044         4999 
Corrida B caso_5 float32:
  0.000087         0.000056         2 
  0.000053         0.000076         3 
  0.000046         0.000104         4 
  0.000044         0.000184         6 
  0.000051         0.000440         10 
  0.000058         0.000940         15 
  0.000076         0.002156         23 
  0.000153         0.004940         35 
  0.000215         0.011276         53 
  0.000317         0.026284         81 
  0.000446         0.059576         122 
  0.000944         0.136940         185 
  0.001772         0.311404         279 
  0.003294         0.712376         422 
  0.010182         1.623116         637 
  0.026146         3.701816         962 
  0.089207         8.444876         1453 
  0.264626         19.254584         2194 
  1.157686         43.877416         3312 
  4.906145         99.960044         4999 
Corrida B caso_6 float32:
  0.000089         0.000056         2 
  0.000058         0.000076         3 
  0.000050         0.000104         4 
  0.000049         0.000184         6 
  0.000052         0.000440         10 
  0.000059         0.000940         15 
  0.000084         0.002156         23 
  0.000147         0.004940         35 
  0.000307         0.011276         53 
  0.000482         0.026284         81 
  0.000974         0.059576         122 
  0.002013         0.136940         185 
  0.004752         0.311404         279 
  0.011276         0.712376         422 
  0.028794         1.623116         637 
  0.078148         3.701816         962 
  0.209745         8.444876         1453 
  0.582429         19.254584         2194 
  2.130805         43.877416         3312 
  8.103533         99.960044         4999 
Corrida B caso_7 float32:
  0.000087         0.000056         2 
  0.000057         0.000076         3 
  0.000047         0.000104         4 
  0.000049         0.000184         6 
  0.000052         0.000440         10 
  0.000062         0.000940         15 
  0.000084         0.002156         23 
  0.000156         0.004940         35 
  0.000242         0.011276         53 
  0.000507         0.026284         81 
  0.001005         0.059576         122 
  0.002028         0.136940         185 
  0.004739         0.311404         279 
  0.011113         0.712376         422 
  0.028718         1.623116         637 
  0.078855         3.701816         962 
  0.208831         8.444876         1453 
  0.588589         19.254584         2194 
  2.136867         43.877416         3312 
  8.150033         99.960044         4999 
Corrida B caso_8 float32:
  0.000089         0.000056         2 
  0.000048         0.000076         3 
  0.000039         0.000104         4 
  0.000038         0.000184         6 
  0.000041         0.000440         10 
  0.000050         0.000940         15 
  0.000075         0.002156         23 
  0.000161         0.004940         35 
  0.000232         0.011276         53 
  0.000503         0.026284         81 
  0.001081         0.059576         122 
  0.002524         0.136940         185 
  0.006464         0.311404         279 
  0.017662         0.712376         422 
  0.051273         1.623116         637 
  0.150843         3.701816         962 
  0.458703         8.444876         1453 
  1.374703         19.254584         2194 
  4.216123         43.877416         3312 
  14.010834         99.960044         4999 
Corrida B caso_9 float32:
  0.000083         0.000056         2 
  0.000045         0.000076         3 
  0.000039         0.000104         4 
  0.000039         0.000184         6 
  0.000044         0.000440         10 
  0.000054         0.000940         15 
  0.000079         0.002156         23 
  0.000160         0.004940         35 
  0.000276         0.011276         53 
  0.000557         0.026284         81 
  0.001149         0.059576         122 
  0.002476         0.136940         185 
  0.006474         0.311404         279 
  0.017813         0.712376         422 
  0.052128         1.623116         637 
  0.151770         3.701816         962 
  0.455839         8.444876         1453 
  1.381424         19.254584         2194 
  4.274003         43.877416         3312 
  14.047676         99.960044         4999 
EOF
