Tiempo [segundos] Memoria [MB] Tamaño [N]
Corrida A caso_1 float64:
  0.000040         0.000096         2 
  0.000019         0.000192         3 
  0.000018         0.000320         4 
  0.000018         0.000672         6 
  0.000031         0.001760         10 
  0.000032         0.003840         15 
  0.000068         0.008832         23 
  0.000118         0.020160         35 
  0.000123         0.045792         53 
  0.000121         0.106272         81 
  0.000214         0.240096         122 
  0.000430         0.550560         185 
  0.001022         1.249920         279 
  0.002946         2.856096         422 
  0.009450         6.502496         637 
  0.022148         14.822496         962 
  0.076043         33.802592         1453 
  0.214911         77.053280         2194 
  0.614602         175.562496         3312 
  1.692113         399.920000         4999 
Corrida A caso_2 float64:
  0.000142         0.000064         2 
  0.000074         0.000120         3 
  0.000059         0.000192         4 
  0.000061         0.000384         6 
  0.000084         0.000960         10 
  0.000056         0.002040         15 
  0.000063         0.004600         23 
  0.000082         0.010360         35 
  0.000094         0.023320         53 
  0.000133         0.053784         81 
  0.000197         0.121024         122 
  0.000352         0.276760         185 
  0.000596         0.627192         279 
  0.002056         1.431424         422 
  0.005742         3.256344         637 
  0.011311         7.418944         962 
  0.039500         16.912920         1453 
  0.114574         38.544192         2194 
  0.319436         87.807744         3312 
  0.864328         199.999992         4999 
Corrida A caso_3 float64:
  0.000127         0.000064         2 
  0.000071         0.000120         3 
  0.000067         0.000192         4 
  0.000046         0.000384         6 
  0.000057         0.000960         10 
  0.000059         0.002040         15 
  0.000088         0.004600         23 
  0.000082         0.010360         35 
  0.000108         0.023320         53 
  0.000178         0.053784         81 
  0.000169         0.121024         122 
  0.000226         0.276760         185 
  0.000397         0.627192         279 
  0.001555         1.431424         422 
  0.004343         3.256344         637 
  0.009641         7.418944         962 
  0.030467         16.912920         1453 
  0.095084         38.544192         2194 
  0.256558         87.807744         3312 
  0.680100         199.999992         4999 
Corrida A caso_4 float64:
  0.000104         0.000064         2 
  0.000050         0.000120         3 
  0.000047         0.000192         4 
  0.000044         0.000384         6 
  0.000046         0.000960         10 
  0.000058         0.002040         15 
  0.000062         0.004600         23 
  0.000084         0.010360         35 
  0.000129         0.023320         53 
  0.000215         0.053784         81 
  0.000321         0.121024         122 
  0.000438         0.276760         185 
  0.000805         0.627192         279 
  0.002321         1.431424         422 
  0.006593         3.256344         637 
  0.014092         7.418944         962 
  0.040798         16.912920         1453 
  0.126364         38.544192         2194 
  0.362476         87.807744         3312 
  0.975761         199.999992         4999 
Corrida A caso_5 float64:
  0.000121         0.000064         2 
  0.000053         0.000120         3 
  0.000054         0.000192         4 
  0.000044         0.000384         6 
  0.000075         0.000960         10 
  0.000132         0.002040         15 
  0.000140         0.004600         23 
  0.000101         0.010360         35 
  0.000107         0.023320         53 
  0.000127         0.053784         81 
  0.000193         0.121024         122 
  0.000344         0.276760         185 
  0.000589         0.627192         279 
  0.002023         1.431424         422 
  0.005223         3.256344         637 
  0.011032         7.418944         962 
  0.038424         16.912920         1453 
  0.117296         38.544192         2194 
  0.317367         87.807744         3312 
  0.852274         199.999992         4999 
Corrida A caso_6 float64:
  0.000134         0.000064         2 
  0.000101         0.000120         3 
  0.000063         0.000192         4 
  0.000083         0.000384         6 
  0.000067         0.000960         10 
  0.000081         0.002040         15 
  0.000167         0.004600         23 
  0.000114         0.010360         35 
  0.000123         0.023320         53 
  0.000119         0.053784         81 
  0.000194         0.121024         122 
  0.000374         0.276760         185 
  0.000646         0.627192         279 
  0.002069         1.431424         422 
  0.005737         3.256344         637 
  0.012760         7.418944         962 
  0.043884         16.912920         1453 
  0.121126         38.544192         2194 
  0.328878         87.807744         3312 
  0.924020         199.999992         4999 
Corrida A caso_7 float64:
  0.000104         0.000064         2 
  0.000058         0.000120         3 
  0.000073         0.000192         4 
  0.000052         0.000384         6 
  0.000043         0.000960         10 
  0.000093         0.002040         15 
  0.000145         0.004600         23 
  0.000113         0.010360         35 
  0.000123         0.023320         53 
  0.000163         0.053784         81 
  0.000197         0.121024         122 
  0.000344         0.276760         185 
  0.000572         0.627192         279 
  0.001877         1.431424         422 
  0.005631         3.256344         637 
  0.011483         7.418944         962 
  0.040208         16.912920         1453 
  0.117245         38.544192         2194 
  0.328432         87.807744         3312 
  0.877717         199.999992         4999 
EOF
