Tiempo [segundos] Memoria [MB] Tamaño [N]
Corrida A caso_1 float32:
  0.000047         0.000048         2 
  0.000023         0.000096         3 
  0.000021         0.000160         4 
  0.000022         0.000336         6 
  0.000036         0.000880         10 
  0.000036         0.001920         15 
  0.000175         0.004416         23 
  0.000134         0.010080         35 
  0.000177         0.022896         53 
  0.000276         0.053136         81 
  0.000332         0.120048         122 
  0.000498         0.275280         185 
  0.001145         0.624960         279 
  0.003579         1.428048         422 
  0.011305         3.251248         637 
  0.029594         7.411248         962 
  0.084766         16.901296         1453 
  0.258208         38.526640         2194 
  0.720988         87.781248         3312 
  1.971168         200.040000         5000 
Corrida A caso_2 float32:
  0.000398         0.000032         2 
  0.000184         0.000060         3 
  0.000155         0.000096         4 
  0.000164         0.000192         6 
  0.000192         0.000480         10 
  0.000195         0.001020         15 
  0.000151         0.002300         23 
  0.000185         0.005180         35 
  0.000218         0.011660         53 
  0.000210         0.026892         81 
  0.000307         0.060512         122 
  0.000503         0.138380         185 
  0.000732         0.313596         279 
  0.001260         0.715712         422 
  0.004728         1.628172         637 
  0.010508         3.709472         962 
  0.030331         8.456460         1453 
  0.085641         19.272096         2194 
  0.218698         43.903872         3312 
  0.578816         100.040000         5000 
Corrida A caso_3 float32:
  0.000254         0.000032         2 
  0.000143         0.000060         3 
  0.000115         0.000096         4 
  0.000113         0.000192         6 
  0.000112         0.000480         10 
  0.000111         0.001020         15 
  0.000116         0.002300         23 
  0.000131         0.005180         35 
  0.000188         0.011660         53 
  0.000280         0.026892         81 
  0.000385         0.060512         122 
  0.000339         0.138380         185 
  0.000506         0.313596         279 
  0.000847         0.715712         422 
  0.003492         1.628172         637 
  0.006288         3.709472         962 
  0.021180         8.456460         1453 
  0.068207         19.272096         2194 
  0.168591         43.903872         3312 
  0.450749         100.040000         5000 
Corrida A caso_4 float32:
  0.000114         0.000032         2 
  0.000057         0.000060         3 
  0.000054         0.000096         4 
  0.000052         0.000192         6 
  0.000053         0.000480         10 
  0.000058         0.001020         15 
  0.000084         0.002300         23 
  0.000084         0.005180         35 
  0.000183         0.011660         53 
  0.000224         0.026892         81 
  0.000348         0.060512         122 
  0.000504         0.138380         185 
  0.000771         0.313596         279 
  0.001206         0.715712         422 
  0.004191         1.628172         637 
  0.009231         3.709472         962 
  0.029860         8.456460         1453 
  0.090370         19.272096         2194 
  0.240865         43.903872         3312 
  0.671612         100.040000         5000 
Corrida A caso_5 float32:
  0.000297         0.000032         2 
  0.000144         0.000060         3 
  0.000138         0.000096         4 
  0.000130         0.000192         6 
  0.000196         0.000480         10 
  0.000181         0.001020         15 
  0.000147         0.002300         23 
  0.000168         0.005180         35 
  0.000188         0.011660         53 
  0.000211         0.026892         81 
  0.000256         0.060512         122 
  0.000413         0.138380         185 
  0.000627         0.313596         279 
  0.001062         0.715712         422 
  0.003774         1.628172         637 
  0.008047         3.709472         962 
  0.024913         8.456460         1453 
  0.077137         19.272096         2194 
  0.205903         43.903872         3312 
  0.553193         100.040000         5000 
Corrida A caso_6 float32:
  0.000324         0.000032         2 
  0.000139         0.000060         3 
  0.000119         0.000096         4 
  0.000134         0.000192         6 
  0.000189         0.000480         10 
  0.000186         0.001020         15 
  0.000155         0.002300         23 
  0.000174         0.005180         35 
  0.000183         0.011660         53 
  0.000193         0.026892         81 
  0.000249         0.060512         122 
  0.000412         0.138380         185 
  0.000632         0.313596         279 
  0.001133         0.715712         422 
  0.003993         1.628172         637 
  0.008014         3.709472         962 
  0.025363         8.456460         1453 
  0.079979         19.272096         2194 
  0.202060         43.903872         3312 
  0.557054         100.040000         5000 
Corrida A caso_7 float32:
  0.000338         0.000032         2 
  0.000129         0.000060         3 
  0.000147         0.000096         4 
  0.000140         0.000192         6 
  0.000165         0.000480         10 
  0.000155         0.001020         15 
  0.000163         0.002300         23 
  0.000195         0.005180         35 
  0.000198         0.011660         53 
  0.000221         0.026892         81 
  0.000270         0.060512         122 
  0.000414         0.138380         185 
  0.000655         0.313596         279 
  0.001123         0.715712         422 
  0.003956         1.628172         637 
  0.007744         3.709472         962 
  0.025028         8.456460         1453 
  0.080542         19.272096         2194 
  0.206233         43.903872         3312 
  0.564303         100.040000         5000 
EOF
