Tiempo [segundos] Memoria [MB] Tamaño [N]
Corrida B caso_1 float64:
  0.000083         0.000072         2 
  0.000063         0.000112         3 
  0.000050         0.000168         4 
  0.000052         0.000328         6 
  0.000049         0.000840         10 
  0.000062         0.001840         15 
  0.000079         0.004272         23 
  0.000166         0.009840         35 
  0.000272         0.022512         53 
  0.000475         0.052528         81 
  0.000905         0.119112         122 
  0.001888         0.273840         185 
  0.004385         0.622768         279 
  0.009943         1.424712         422 
  0.027664         3.246192         637 
  0.076768         7.403592         962 
  0.202401         16.889712         1453 
  0.697297         38.509128         2194 
  2.743175         87.754792         3312 
  10.138095         199.920048         4999 
Corrida B caso_2 float64:
  0.000086         0.000072         2 
  0.000041         0.000112         3 
  0.000035         0.000168         4 
  0.000035         0.000328         6 
  0.000040         0.000840         10 
  0.000052         0.001840         15 
  0.000065         0.004272         23 
  0.000141         0.009840         35 
  0.000287         0.022512         53 
  0.000550         0.052528         81 
  0.001123         0.119112         122 
  0.002535         0.273840         185 
  0.005862         0.622768         279 
  0.014680         1.424712         422 
  0.039158         3.246192         637 
  0.119749         7.403592         962 
  0.401555         16.889712         1453 
  1.487180         38.509128         2194 
  5.594206         87.754792         3312 
  20.142443         199.920048         4999 
Corrida B caso_3 float64:
  0.000074         0.000072         2 
  0.000042         0.000112         3 
  0.000038         0.000168         4 
  0.000037         0.000328         6 
  0.000040         0.000840         10 
  0.000052         0.001840         15 
  0.000066         0.004272         23 
  0.000133         0.009840         35 
  0.000306         0.022512         53 
  0.000542         0.052528         81 
  0.001131         0.119112         122 
  0.002541         0.273840         185 
  0.005955         0.622768         279 
  0.014428         1.424712         422 
  0.040649         3.246192         637 
  0.124806         7.403592         962 
  0.415121         16.889712         1453 
  1.505094         38.509128         2194 
  5.624925         87.754792         3312 
  20.135066         199.920048         4999 
Corrida B caso_4 float64:
  0.000098         0.000072         2 
  0.000049         0.000112         3 
  0.000042         0.000168         4 
  0.000041         0.000328         6 
  0.000042         0.000840         10 
  0.000058         0.001840         15 
  0.000072         0.004272         23 
  0.000172         0.009840         35 
  0.000239         0.022512         53 
  0.000373         0.052528         81 
  0.000518         0.119112         122 
  0.001167         0.273840         185 
  0.002676         0.622768         279 
  0.004875         1.424712         422 
  0.015844         3.246192         637 
  0.043780         7.403592         962 
  0.156627         16.889712         1453 
  0.579633         38.509128         2194 
  2.513636         87.754792         3312 
  9.794350         199.920048         4999 
Corrida B caso_5 float64:
  0.000086         0.000072         2 
  0.000045         0.000112         3 
  0.000038         0.000168         4 
  0.000037         0.000328         6 
  0.000041         0.000840         10 
  0.000060         0.001840         15 
  0.000070         0.004272         23 
  0.000133         0.009840         35 
  0.000230         0.022512         53 
  0.000350         0.052528         81 
  0.000541         0.119112         122 
  0.001190         0.273840         185 
  0.002647         0.622768         279 
  0.004729         1.424712         422 
  0.016650         3.246192         637 
  0.047854         7.403592         962 
  0.166889         16.889712         1453 
  0.604741         38.509128         2194 
  2.559533         87.754792         3312 
  10.014885         199.920048         4999 
Corrida B caso_6 float64:
  0.000086         0.000072         2 
  0.000064         0.000112         3 
  0.000048         0.000168         4 
  0.000049         0.000328         6 
  0.000053         0.000840         10 
  0.000066         0.001840         15 
  0.000084         0.004272         23 
  0.000119         0.009840         35 
  0.000279         0.022512         53 
  0.000469         0.052528         81 
  0.000919         0.119112         122 
  0.001904         0.273840         185 
  0.004578         0.622768         279 
  0.010208         1.424712         422 
  0.028335         3.246192         637 
  0.075905         7.403592         962 
  0.212768         16.889712         1453 
  0.757834         38.509128         2194 
  2.960968         87.754792         3312 
  10.639414         199.920048         4999 
Corrida B caso_7 float64:
  0.000085         0.000072         2 
  0.000059         0.000112         3 
  0.000048         0.000168         4 
  0.000049         0.000328         6 
  0.000052         0.000840         10 
  0.000064         0.001840         15 
  0.000083         0.004272         23 
  0.000119         0.009840         35 
  0.000309         0.022512         53 
  0.000475         0.052528         81 
  0.000951         0.119112         122 
  0.001922         0.273840         185 
  0.004533         0.622768         279 
  0.010402         1.424712         422 
  0.027836         3.246192         637 
  0.074759         7.403592         962 
  0.206902         16.889712         1453 
  0.725516         38.509128         2194 
  2.824190         87.754792         3312 
  10.313272         199.920048         4999 
Corrida B caso_8 float64:
  0.000085         0.000072         2 
  0.000041         0.000112         3 
  0.000034         0.000168         4 
  0.000035         0.000328         6 
  0.000040         0.000840         10 
  0.000051         0.001840         15 
  0.000066         0.004272         23 
  0.000135         0.009840         35 
  0.000367         0.022512         53 
  0.000602         0.052528         81 
  0.001148         0.119112         122 
  0.002626         0.273840         185 
  0.006048         0.622768         279 
  0.015339         1.424712         422 
  0.039711         3.246192         637 
  0.118961         7.403592         962 
  0.411121         16.889712         1453 
  1.527836         38.509128         2194 
  5.687336         87.754792         3312 
  19.980429         199.920048         4999 
Corrida B caso_9 float64:
  0.000080         0.000072         2 
  0.000043         0.000112         3 
  0.000038         0.000168         4 
  0.000038         0.000328         6 
  0.000039         0.000840         10 
  0.000051         0.001840         15 
  0.000067         0.004272         23 
  0.000133         0.009840         35 
  0.000326         0.022512         53 
  0.000552         0.052528         81 
  0.001167         0.119112         122 
  0.002612         0.273840         185 
  0.005903         0.622768         279 
  0.014623         1.424712         422 
  0.040745         3.246192         637 
  0.115321         7.403592         962 
  0.390529         16.889712         1453 
  1.440537         38.509128         2194 
  5.365093         87.754792         3312 
  19.064146         199.920048         4999 
EOF
