Tiempo [segundos] Memoria [MB] Tamaño [N]
Corrida 1:
  0.000164         0.000006         1 
  0.000063         0.000024         2 
  0.000028         0.000096         4 
  0.000025         0.000384         8 
  0.000046         0.001014         13 
  0.000153         0.002904         22 
  0.000197         0.008664         38 
  0.000144         0.024576         64 
  0.000332         0.069984         108 
  0.000691         0.200934         183 
  0.001060         0.572886         309 
  0.002516         1.622400         520 
  0.009287         4.604256         876 
  0.035188         13.071456         1476 
  0.143616         37.081176         2486 
  0.534577         105.185814         4187 
  1.903658         298.299606         7051 
  7.492459         846.093750         11875 
  33.412155         2400.000000         20000 
Corrida 2:
  0.000064         0.000006         1 
  0.000036         0.000024         2 
  0.000032         0.000096         4 
  0.000033         0.000384         8 
  0.000034         0.001014         13 
  0.000074         0.002904         22 
  0.000132         0.008664         38 
  0.000135         0.024576         64 
  0.000250         0.069984         108 
  0.000438         0.200934         183 
  0.000927         0.572886         309 
  0.002393         1.622400         520 
  0.008665         4.604256         876 
  0.034223         13.071456         1476 
  0.133581         37.081176         2486 
  0.542148         105.185814         4187 
  1.662737         298.299606         7051 
  7.242024         846.093750         11875 
  31.814361         2400.000000         20000 
Corrida 3:
  0.000088         0.000006         1 
  0.000041         0.000024         2 
  0.000040         0.000096         4 
  0.000032         0.000384         8 
  0.000034         0.001014         13 
  0.000089         0.002904         22 
  0.000184         0.008664         38 
  0.000132         0.024576         64 
  0.000242         0.069984         108 
  0.000430         0.200934         183 
  0.000897         0.572886         309 
  0.002392         1.622400         520 
  0.008321         4.604256         876 
  0.036813         13.071456         1476 
  0.131278         37.081176         2486 
  0.517224         105.185814         4187 
  1.657569         298.299606         7051 
  8.089987         846.093750         11875 
  33.466752         2400.000000         20000 
Corrida 4:
  0.000212         0.000006         1 
  0.000103         0.000024         2 
  0.000033         0.000096         4 
  0.000084         0.000384         8 
  0.000084         0.001014         13 
  0.000211         0.002904         22 
  0.000226         0.008664         38 
  0.000249         0.024576         64 
  0.000256         0.069984         108 
  0.000456         0.200934         183 
  0.000968         0.572886         309 
  0.002479         1.622400         520 
  0.009073         4.604256         876 
  0.035561         13.071456         1476 
  0.137137         37.081176         2486 
  0.570647         105.185814         4187 
  1.916872         298.299606         7051 
  7.459086         846.093750         11875 
  31.901892         2400.000000         20000 
Corrida 5:
  0.000307         0.000006         1 
  0.000040         0.000024         2 
  0.000038         0.000096         4 
  0.000037         0.000384         8 
  0.000038         0.001014         13 
  0.000155         0.002904         22 
  0.000222         0.008664         38 
  0.000141         0.024576         64 
  0.000250         0.069984         108 
  0.000454         0.200934         183 
  0.000917         0.572886         309 
  0.002486         1.622400         520 
  0.008408         4.604256         876 
  0.034545         13.071456         1476 
  0.131341         37.081176         2486 
  0.522574         105.185814         4187 
  1.774581         298.299606         7051 
  7.572328         846.093750         11875 
  31.969325         2400.000000         20000 
Corrida 6:
  0.000087         0.000006         1 
  0.000038         0.000024         2 
  0.000032         0.000096         4 
  0.000031         0.000384         8 
  0.000033         0.001014         13 
  0.000103         0.002904         22 
  0.000181         0.008664         38 
  0.000160         0.024576         64 
  0.000322         0.069984         108 
  0.000533         0.200934         183 
  0.001059         0.572886         309 
  0.002658         1.622400         520 
  0.008325         4.604256         876 
  0.032319         13.071456         1476 
  0.131059         37.081176         2486 
  0.540056         105.185814         4187 
  1.943283         298.299606         7051 
  7.436964         846.093750         11875 
  32.213007         2400.000000         20000 
Corrida 7:
  0.000065         0.000006         1 
  0.000036         0.000024         2 
  0.000034         0.000096         4 
  0.000031         0.000384         8 
  0.000037         0.001014         13 
  0.000071         0.002904         22 
  0.000133         0.008664         38 
  0.000148         0.024576         64 
  0.000264         0.069984         108 
  0.000498         0.200934         183 
  0.000950         0.572886         309 
  0.002539         1.622400         520 
  0.008656         4.604256         876 
  0.034612         13.071456         1476 
  0.135245         37.081176         2486 
  0.530784         105.185814         4187 
  1.757382         298.299606         7051 
  7.187002         846.093750         11875 
  32.371956         2400.000000         20000 
Corrida 8:
  0.000069         0.000006         1 
  0.000040         0.000024         2 
  0.000030         0.000096         4 
  0.000031         0.000384         8 
  0.000032         0.001014         13 
  0.000070         0.002904         22 
  0.000122         0.008664         38 
  0.000148         0.024576         64 
  0.000254         0.069984         108 
  0.000452         0.200934         183 
  0.000929         0.572886         309 
  0.002492         1.622400         520 
  0.008291         4.604256         876 
  0.033283         13.071456         1476 
  0.137223         37.081176         2486 
  0.528139         105.185814         4187 
  1.815682         298.299606         7051 
  7.271161         846.093750         11875 
  32.683259         2400.000000         20000 
Corrida 9:
  0.000063         0.000006         1 
  0.000041         0.000024         2 
  0.000031         0.000096         4 
  0.000031         0.000384         8 
  0.000032         0.001014         13 
  0.000070         0.002904         22 
  0.000120         0.008664         38 
  0.000128         0.024576         64 
  0.000239         0.069984         108 
  0.000440         0.200934         183 
  0.000830         0.572886         309 
  0.002285         1.622400         520 
  0.008954         4.604256         876 
  0.035330         13.071456         1476 
  0.141651         37.081176         2486 
  0.550499         105.185814         4187 
  1.762886         298.299606         7051 
  7.269622         846.093750         11875 
  32.617872         2400.000000         20000 
Corrida 10:
  0.000119         0.000006         1 
  0.000032         0.000024         2 
  0.000027         0.000096         4 
  0.000025         0.000384         8 
  0.000027         0.001014         13 
  0.000751         0.002904         22 
  0.000209         0.008664         38 
  0.000247         0.024576         64 
  0.000266         0.069984         108 
  0.000474         0.200934         183 
  0.000943         0.572886         309 
  0.002549         1.622400         520 
  0.008805         4.604256         876 
  0.033939         13.071456         1476 
  0.134419         37.081176         2486 
  0.540479         105.185814         4187 
  1.941196         298.299606         7051 
  8.038766         846.093750         11875 
  31.718241         2400.000000         20000 
EOF
