Tiempo E [segundos] Tiempo M [segundos] Tamaño [N]
Corrida 1:
  0.000029         0.009418         1 
  0.000030         0.000734         2 
  0.000024         0.000157         3 
  0.000017         0.000094         5 
  0.000016         0.000120         7 
  0.000016         0.022222         11 
  0.000156         0.001256         17 
  0.000026         0.002682         27 
  0.000027         0.000287         41 
  0.000080         0.000155         61 
  0.000082         0.000181         93 
  0.000077         0.003316         141 
  0.000138         0.003185         213 
  0.000294         0.001192         322 
  0.000348         0.002792         487 
  0.000825         0.007398         736 
  0.001157         0.024900         1113 
  0.001453         0.059495         1681 
  0.002164         0.182264         2540 
  0.003359         0.515296         3838 
  0.006579         1.454115         5799 
  0.007867         3.739582         8762 
  0.013111         11.291690         13237 
  0.019340         37.014470         20000 
Corrida 2:
  0.000022         0.000078         1 
  0.000017         0.000044         2 
  0.000015         0.000037         3 
  0.000016         0.000037         5 
  0.000015         0.000036         7 
  0.000016         0.000042         11 
  0.000019         0.000750         17 
  0.000077         0.000105         27 
  0.000055         0.000143         41 
  0.000074         0.000138         61 
  0.000072         0.000186         93 
  0.000103         0.000323         141 
  0.000132         0.000546         213 
  0.000282         0.000781         322 
  0.000333         0.002964         487 
  0.000801         0.007104         736 
  0.001328         0.027155         1113 
  0.001680         0.066489         1681 
  0.002352         0.194284         2540 
  0.003617         0.503438         3838 
  0.005799         1.392456         5799 
  0.008215         4.221710         8762 
  0.012438         11.494459         13237 
  0.019583         34.805707         20000 
Corrida 3:
  0.000022         0.000304         1 
  0.000021         0.000176         2 
  0.000021         0.000050         3 
  0.000016         0.000040         5 
  0.000016         0.000289         7 
  0.000023         0.000172         11 
  0.000076         0.000134         17 
  0.000134         0.000077         27 
  0.000091         0.000155         41 
  0.000074         0.000142         61 
  0.000072         0.000168         93 
  0.000075         0.000339         141 
  0.000161         0.000504         213 
  0.000149         0.001039         322 
  0.000349         0.003945         487 
  0.000794         0.006517         736 
  0.001105         0.022111         1113 
  0.001710         0.073887         1681 
  0.002676         0.188883         2540 
  0.003695         0.521925         3838 
  0.005983         1.356458         5799 
  0.008055         3.817073         8762 
  0.012307         11.778943         13237 
  0.020310         37.460939         20000 
Corrida 4:
  0.000023         0.000087         1 
  0.000016         0.000043         2 
  0.000015         0.000038         3 
  0.000015         0.000036         5 
  0.000015         0.000037         7 
  0.000016         0.000040         11 
  0.000019         0.000287         17 
  0.000067         0.000382         27 
  0.000103         0.000191         41 
  0.000117         0.000105         61 
  0.000088         0.000174         93 
  0.000076         0.000305         141 
  0.000124         0.000441         213 
  0.000145         0.001083         322 
  0.000366         0.004007         487 
  0.000886         0.007399         736 
  0.001111         0.021714         1113 
  0.001670         0.063445         1681 
  0.002505         0.185724         2540 
  0.003495         0.517859         3838 
  0.005495         1.380709         5799 
  0.008032         3.814201         8762 
  0.012563         11.929314         13237 
  0.019307         35.267615         20000 
Corrida 5:
  0.000022         0.000089         1 
  0.000016         0.000046         2 
  0.000015         0.000037         3 
  0.000015         0.000037         5 
  0.000017         0.000612         7 
  0.000025         0.000067         11 
  0.000020         0.000060         17 
  0.000020         0.000175         27 
  0.000067         0.000213         41 
  0.000064         0.000253         61 
  0.000065         0.000169         93 
  0.000082         0.000366         141 
  0.000122         0.000563         213 
  0.000146         0.000966         322 
  0.000353         0.004008         487 
  0.000854         0.007620         736 
  0.001296         0.024820         1113 
  0.001735         0.070660         1681 
  0.002730         0.195348         2540 
  0.005321         0.521294         3838 
  0.004898         1.320907         5799 
  0.007664         3.876741         8762 
  0.012534         12.352920         13237 
  0.024489         36.240290         20000 
Corrida 6:
  0.000022         0.000314         1 
  0.000021         0.000104         2 
  0.000017         0.000088         3 
  0.000016         0.000083         5 
  0.000016         0.000080         7 
  0.000017         0.000159         11 
  0.000019         0.000057         17 
  0.000018         0.000248         27 
  0.000068         0.000120         41 
  0.000069         0.000135         61 
  0.000072         0.000169         93 
  0.000074         0.000318         141 
  0.000128         0.000452         213 
  0.000234         0.000936         322 
  0.000345         0.003349         487 
  0.000828         0.008478         736 
  0.001058         0.023533         1113 
  0.001692         0.073553         1681 
  0.002252         0.201028         2540 
  0.003609         0.569307         3838 
  0.004918         1.345940         5799 
  0.007727         3.743152         8762 
  0.012389         11.317598         13237 
  0.020379         34.828381         20000 
Corrida 7:
  0.000022         0.000077         1 
  0.000017         0.000044         2 
  0.000015         0.000037         3 
  0.000015         0.000036         5 
  0.000015         0.000035         7 
  0.000017         0.000041         11 
  0.000507         0.000180         17 
  0.000073         0.000094         27 
  0.000070         0.000119         41 
  0.000070         0.000133         61 
  0.000072         0.000165         93 
  0.000076         0.000355         141 
  0.000130         0.000550         213 
  0.000158         0.000697         322 
  0.000342         0.002754         487 
  0.000743         0.007162         736 
  0.000987         0.027194         1113 
  0.001600         0.059357         1681 
  0.002202         0.184261         2540 
  0.003515         0.528006         3838 
  0.005301         1.413514         5799 
  0.008801         3.959637         8762 
  0.011981         11.277972         13237 
  0.019185         34.645616         20000 
Corrida 8:
  0.000021         0.000077         1 
  0.000016         0.000043         2 
  0.000015         0.000038         3 
  0.000015         0.000037         5 
  0.000015         0.000037         7 
  0.000016         0.000044         11 
  0.000398         0.000138         17 
  0.000070         0.000094         27 
  0.000071         0.000122         41 
  0.000022         0.000202         61 
  0.000024         0.000182         93 
  0.000032         0.000431         141 
  0.000112         0.000546         213 
  0.000155         0.001028         322 
  0.000379         0.003353         487 
  0.000657         0.006493         736 
  0.001107         0.024717         1113 
  0.001723         0.077563         1681 
  0.002695         0.205360         2540 
  0.003640         0.569180         3838 
  0.005710         1.407423         5799 
  0.008793         4.099051         8762 
  0.012747         11.445084         13237 
  0.019512         34.171876         20000 
Corrida 9:
  0.000022         0.000079         1 
  0.000022         0.000059         2 
  0.000016         0.000041         3 
  0.000022         0.000052         5 
  0.000017         0.000104         7 
  0.000023         0.000168         11 
  0.000106         0.000069         17 
  0.000069         0.000100         27 
  0.000021         0.000145         41 
  0.000068         0.000132         61 
  0.000071         0.000166         93 
  0.000075         0.000365         141 
  0.000125         0.000437         213 
  0.000160         0.000815         322 
  0.000335         0.002792         487 
  0.000692         0.006640         736 
  0.001074         0.021592         1113 
  0.001878         0.063721         1681 
  0.002368         0.193140         2540 
  0.003513         0.506384         3838 
  0.005495         1.348564         5799 
  0.007926         3.855042         8762 
  0.012406         10.981100         13237 
  0.019744         33.949133         20000 
Corrida 10:
  0.000022         0.000287         1 
  0.000021         0.000171         2 
  0.000021         0.000160         3 
  0.000021         0.000159         5 
  0.000021         0.000128         7 
  0.000022         0.000139         11 
  0.000068         0.000090         17 
  0.000067         0.000091         27 
  0.000059         0.000080         41 
  0.000068         0.000133         61 
  0.000027         0.000248         93 
  0.000105         0.000394         141 
  0.000117         0.000544         213 
  0.000148         0.001042         322 
  0.000367         0.004120         487 
  0.000856         0.007355         736 
  0.001103         0.028181         1113 
  0.001659         0.074158         1681 
  0.002467         0.176843         2540 
  0.003653         0.480276         3838 
  0.005093         1.308878         5799 
  0.007881         3.686781         8762 
  0.012715         11.030831         13237 
  0.022613         34.150546         20000 
EOF
