Tiempo [segundos] Memoria [MB] Tamaño [N]
Corrida 1:
  0.000080         0.000016         1 
  0.000044         0.000064         2 
  0.000055         0.000256         4 
  0.000037         0.001024         8 
  0.000041         0.002704         13 
  0.000057         0.007744         22 
  0.000508         0.023104         38 
  0.000258         0.065536         64 
  0.000265         0.186624         108 
  0.000532         0.535824         183 
  0.001130         1.527696         309 
  0.003618         4.326400         520 
  0.013649         12.278016         876 
  0.056812         34.857216         1476 
  0.267925         98.883136         2486 
  1.006464         280.495504         4187 
  4.450663         795.465616         7051 
  15.803159         2256.250000         11875 
  69.048474         6400.000000         20000 
Corrida 2:
  0.000064         0.000016         1 
  0.000039         0.000064         2 
  0.000051         0.000256         4 
  0.000035         0.001024         8 
  0.000155         0.002704         13 
  0.000056         0.007744         22 
  0.000165         0.023104         38 
  0.000150         0.065536         64 
  0.000267         0.186624         108 
  0.000558         0.535824         183 
  0.001216         1.527696         309 
  0.003894         4.326400         520 
  0.013814         12.278016         876 
  0.058443         34.857216         1476 
  0.264104         98.883136         2486 
  0.949535         280.495504         4187 
  3.877921         795.465616         7051 
  16.427314         2256.250000         11875 
  72.535277         6400.000000         20000 
Corrida 3:
  0.000087         0.000016         1 
  0.000027         0.000064         2 
  0.000024         0.000256         4 
  0.000024         0.001024         8 
  0.000040         0.002704         13 
  0.000073         0.007744         22 
  0.000860         0.023104         38 
  0.000182         0.065536         64 
  0.000344         0.186624         108 
  0.000632         0.535824         183 
  0.001362         1.527696         309 
  0.004906         4.326400         520 
  0.017459         12.278016         876 
  0.063608         34.857216         1476 
  0.280810         98.883136         2486 
  0.939933         280.495504         4187 
  3.664527         795.465616         7051 
  15.350229         2256.250000         11875 
  70.521099         6400.000000         20000 
Corrida 4:
  0.000049         0.000016         1 
  0.000035         0.000064         2 
  0.000048         0.000256         4 
  0.000022         0.001024         8 
  0.000021         0.002704         13 
  0.000046         0.007744         22 
  0.000198         0.023104         38 
  0.000246         0.065536         64 
  0.000450         0.186624         108 
  0.000602         0.535824         183 
  0.001196         1.527696         309 
  0.003838         4.326400         520 
  0.014180         12.278016         876 
  0.058145         34.857216         1476 
  0.243341         98.883136         2486 
  0.949952         280.495504         4187 
  3.501027         795.465616         7051 
  15.530190         2256.250000         11875 
  69.510746         6400.000000         20000 
Corrida 5:
  0.000122         0.000016         1 
  0.000049         0.000064         2 
  0.000039         0.000256         4 
  0.000037         0.001024         8 
  0.000062         0.002704         13 
  0.000410         0.007744         22 
  0.000289         0.023104         38 
  0.000166         0.065536         64 
  0.000368         0.186624         108 
  0.000697         0.535824         183 
  0.001472         1.527696         309 
  0.005023         4.326400         520 
  0.019012         12.278016         876 
  0.078605         34.857216         1476 
  0.260211         98.883136         2486 
  0.937480         280.495504         4187 
  3.665688         795.465616         7051 
  15.699622         2256.250000         11875 
  70.019533         6400.000000         20000 
Corrida 6:
  0.000063         0.000016         1 
  0.000256         0.000064         2 
  0.000029         0.000256         4 
  0.000024         0.001024         8 
  0.000023         0.002704         13 
  0.000061         0.007744         22 
  0.000400         0.023104         38 
  0.000202         0.065536         64 
  0.000282         0.186624         108 
  0.000556         0.535824         183 
  0.001277         1.527696         309 
  0.003932         4.326400         520 
  0.014926         12.278016         876 
  0.060506         34.857216         1476 
  0.250583         98.883136         2486 
  1.091111         280.495504         4187 
  3.534812         795.465616         7051 
  15.616789         2256.250000         11875 
  69.366732         6400.000000         20000 
Corrida 7:
  0.000124         0.000016         1 
  0.000045         0.000064         2 
  0.000059         0.000256         4 
  0.000898         0.001024         8 
  0.000039         0.002704         13 
  0.000075         0.007744         22 
  0.000231         0.023104         38 
  0.000195         0.065536         64 
  0.000393         0.186624         108 
  0.000861         0.535824         183 
  0.001611         1.527696         309 
  0.005136         4.326400         520 
  0.014281         12.278016         876 
  0.059006         34.857216         1476 
  0.264501         98.883136         2486 
  0.916634         280.495504         4187 
  3.930361         795.465616         7051 
  16.127159         2256.250000         11875 
  72.579009         6400.000000         20000 
Corrida 8:
  0.000064         0.000016         1 
  0.000052         0.000064         2 
  0.000020         0.000256         4 
  0.000050         0.001024         8 
  0.000152         0.002704         13 
  0.000074         0.007744         22 
  0.000171         0.023104         38 
  0.000261         0.065536         64 
  0.000431         0.186624         108 
  0.000575         0.535824         183 
  0.001195         1.527696         309 
  0.003548         4.326400         520 
  0.013593         12.278016         876 
  0.056765         34.857216         1476 
  0.249188         98.883136         2486 
  0.909161         280.495504         4187 
  3.619020         795.465616         7051 
  15.871642         2256.250000         11875 
  69.482120         6400.000000         20000 
Corrida 9:
  0.000105         0.000016         1 
  0.000045         0.000064         2 
  0.000058         0.000256         4 
  0.000039         0.001024         8 
  0.000393         0.002704         13 
  0.000077         0.007744         22 
  0.000177         0.023104         38 
  0.000161         0.065536         64 
  0.000243         0.186624         108 
  0.000465         0.535824         183 
  0.001062         1.527696         309 
  0.003180         4.326400         520 
  0.011426         12.278016         876 
  0.059643         34.857216         1476 
  0.277020         98.883136         2486 
  0.957257         280.495504         4187 
  3.772418         795.465616         7051 
  15.827123         2256.250000         11875 
  70.432483         6400.000000         20000 
Corrida 10:
  0.000103         0.000016         1 
  0.000058         0.000064         2 
  0.000039         0.000256         4 
  0.000043         0.001024         8 
  0.000652         0.002704         13 
  0.000152         0.007744         22 
  0.000366         0.023104         38 
  0.000141         0.065536         64 
  0.000252         0.186624         108 
  0.000494         0.535824         183 
  0.001120         1.527696         309 
  0.003620         4.326400         520 
  0.015403         12.278016         876 
  0.066195         34.857216         1476 
  0.275744         98.883136         2486 
  1.017008         280.495504         4187 
  3.580346         795.465616         7051 
  15.983066         2256.250000         11875 
  70.477205         6400.000000         20000 
EOF
