Tiempo E [segundos] Tiempo M [segundos] Tamaño [N]
Corrida 1:
  0.000333         0.000186         1 
  0.000502         0.000783         2 
  0.000220         0.001090         3 
  0.000225         0.001881         5 
  0.000297         0.001631         7 
  0.000226         0.002104         11 
  0.000223         0.002874         17 
  0.000224         0.004290         27 
  0.000231         0.006163         41 
  0.000237         0.008997         61 
  0.000245         0.013373         93 
  0.000454         0.020190         141 
  0.000475         0.031440         213 
  0.000476         0.049113         322 
  0.000499         0.077703         487 
  0.000474         0.125352         736 
  0.000609         0.218393         1113 
  0.000699         0.382940         1681 
  0.000824         0.779238         2540 
  0.000976         1.615498         3838 
  0.000904         3.450951         5799 
  0.001552         6.825618         8762 
  0.001751         15.435319         13237 
  0.002531         66.165978         20000 
Corrida 2:
  0.003017         0.002890         1 
  0.000221         0.008860         2 
  0.000318         0.000980         3 
  0.000195         0.001464         5 
  0.000303         0.001716         7 
  0.000267         0.003011         11 
  0.000199         0.003581         17 
  0.000252         0.004536         27 
  0.000272         0.006837         41 
  0.000304         0.011530         61 
  0.000479         0.014853         93 
  0.000373         0.022844         141 
  0.000548         0.032056         213 
  0.000795         0.051278         322 
  0.007412         0.084848         487 
  0.000997         0.148805         736 
  0.001277         0.212468         1113 
  0.000775         0.362252         1681 
  0.007502         0.756491         2540 
  0.000759         1.518951         3838 
  0.000945         3.461692         5799 
  0.001474         7.150748         8762 
  0.001890         15.544189         13237 
  0.001732         63.106578         20000 
Corrida 3:
  0.002580         0.002573         1 
  0.000298         0.007930         2 
  0.000208         0.001264         3 
  0.000214         0.001423         5 
  0.000235         0.002058         7 
  0.000260         0.002999         11 
  0.000220         0.003009         17 
  0.000252         0.005377         27 
  0.000324         0.006266         41 
  0.000382         0.009070         61 
  0.000259         0.016526         93 
  0.000541         0.022152         141 
  0.000592         0.031519         213 
  0.000502         0.050146         322 
  0.000537         0.097242         487 
  0.000805         0.135621         736 
  0.000534         0.219089         1113 
  0.000771         0.381435         1681 
  0.000517         0.708838         2540 
  0.001566         1.499388         3838 
  0.001113         3.441204         5799 
  0.001500         7.128806         8762 
  0.001804         15.355850         13237 
  0.001705         59.957976         20000 
Corrida 4:
  0.004243         0.003560         1 
  0.000347         0.011468         2 
  0.000213         0.001715         3 
  0.000198         0.001426         5 
  0.000303         0.002029         7 
  0.000498         0.003506         11 
  0.000199         0.003403         17 
  0.000248         0.005284         27 
  0.000402         0.006351         41 
  0.000433         0.009588         61 
  0.000357         0.014767         93 
  0.000345         0.023231         141 
  0.000569         0.034212         213 
  0.000608         0.049991         322 
  0.006690         0.080536         487 
  0.000878         0.152333         736 
  0.000824         0.220305         1113 
  0.000584         0.370214         1681 
  0.000691         0.716836         2540 
  0.000905         1.509688         3838 
  0.000786         3.535933         5799 
  0.001015         7.095931         8762 
  0.001797         15.598924         13237 
  0.002516         62.681499         20000 
Corrida 5:
  0.003050         0.002931         1 
  0.000230         0.009455         2 
  0.000232         0.001256         3 
  0.000198         0.001491         5 
  0.000229         0.001599         7 
  0.000381         0.003565         11 
  0.000286         0.003347         17 
  0.000267         0.005617         27 
  0.000415         0.006670         41 
  0.000452         0.009135         61 
  0.000460         0.014293         93 
  0.000336         0.022077         141 
  0.000515         0.032073         213 
  0.000655         0.049968         322 
  0.006125         0.079608         487 
  0.000590         0.150341         736 
  0.000877         0.216592         1113 
  0.000505         0.364015         1681 
  0.000599         0.728870         2540 
  0.000838         1.560205         3838 
  0.001225         3.496371         5799 
  0.001131         7.326389         8762 
  0.001781         15.254676         13237 
  0.002467         61.548477         20000 
Corrida 6:
  0.010242         0.003202         1 
  0.000236         0.011549         2 
  0.000235         0.001509         3 
  0.000202         0.001690         5 
  0.000545         0.002090         7 
  0.000331         0.003354         11 
  0.000289         0.003951         17 
  0.000322         0.005120         27 
  0.000257         0.006473         41 
  0.000459         0.010725         61 
  0.000434         0.014849         93 
  0.000319         0.022780         141 
  0.000372         0.032924         213 
  0.001055         0.049686         322 
  0.007329         0.091977         487 
  0.000881         0.147447         736 
  0.000599         0.215065         1113 
  0.011179         0.361056         1681 
  0.000611         0.736480         2540 
  0.002088         1.506552         3838 
  0.001452         3.436982         5799 
  0.001052         7.320974         8762 
  0.001685         15.697003         13237 
  0.002416         65.284065         20000 
Corrida 7:
  0.007465         0.002806         1 
  0.000225         0.009574         2 
  0.000205         0.001259         3 
  0.000196         0.001546         5 
  0.000264         0.001669         7 
  0.000250         0.002872         11 
  0.000222         0.003111         17 
  0.000243         0.004560         27 
  0.000241         0.006664         41 
  0.000363         0.009669         61 
  0.000277         0.014444         93 
  0.000750         0.021550         141 
  0.000699         0.032320         213 
  0.000924         0.049885         322 
  0.000529         0.083999         487 
  0.000626         0.139474         736 
  0.000895         0.216181         1113 
  0.000548         0.363593         1681 
  0.000645         0.735093         2540 
  0.001243         1.505805         3838 
  0.001360         3.427469         5799 
  0.002636         7.197872         8762 
  0.001813         15.633674         13237 
  0.002147         64.137904         20000 
Corrida 8:
  0.003382         0.002824         1 
  0.000246         0.010102         2 
  0.000218         0.001077         3 
  0.000245         0.001385         5 
  0.000233         0.001606         7 
  0.000251         0.002982         11 
  0.000198         0.003246         17 
  0.000255         0.004467         27 
  0.000245         0.006307         41 
  0.000371         0.009383         61 
  0.000599         0.013645         93 
  0.000318         0.021981         141 
  0.000548         0.031795         213 
  0.000539         0.049311         322 
  0.002868         0.132879         487 
  0.000602         0.129706         736 
  0.000846         0.227644         1113 
  0.000682         0.363670         1681 
  0.000939         0.734018         2540 
  0.000840         1.548217         3838 
  0.001209         3.488114         5799 
  0.001663         7.084453         8762 
  0.001814         15.781049         13237 
  0.001717         61.018589         20000 
Corrida 9:
  0.003308         0.002967         1 
  0.000428         0.011718         2 
  0.000341         0.001223         3 
  0.000222         0.001446         5 
  0.000529         0.001848         7 
  0.000343         0.003736         11 
  0.000238         0.003288         17 
  0.000345         0.004595         27 
  0.000254         0.006892         41 
  0.000500         0.009320         61 
  0.000484         0.014461         93 
  0.000472         0.022378         141 
  0.000710         0.032175         213 
  0.000834         0.049735         322 
  0.003023         0.080015         487 
  0.000614         0.136425         736 
  0.000544         0.234134         1113 
  0.000632         0.367648         1681 
  0.000889         0.739816         2540 
  0.000862         1.509088         3838 
  0.001452         3.469213         5799 
  0.001651         7.163661         8762 
  0.001808         15.652231         13237 
  0.001719         59.585756         20000 
Corrida 10:
  0.003026         0.002667         1 
  0.000345         0.010760         2 
  0.000318         0.001002         3 
  0.000217         0.001355         5 
  0.000294         0.001631         7 
  0.000240         0.003210         11 
  0.000219         0.003543         17 
  0.000306         0.005183         27 
  0.000451         0.006549         41 
  0.000494         0.009214         61 
  0.000416         0.014032         93 
  0.000371         0.022328         141 
  0.000502         0.032065         213 
  0.000586         0.049604         322 
  0.000460         0.086593         487 
  0.000645         0.137129         736 
  0.000799         0.225671         1113 
  0.000661         0.365199         1681 
  0.000618         0.719068         2540 
  0.000733         1.528558         3838 
  0.000932         3.503967         5799 
  0.001645         7.112159         8762 
  0.001808         15.550268         13237 
  0.002261         59.656003         20000 
EOF
