Tiempo [segundos] Memoria [MB] Tamaño [N]
Corrida 1:
  0.004833         0.000008         1 
  0.000956         0.000032         2 
  0.000148         0.000128         4 
  0.000102         0.000512         8 
  0.000076         0.001352         13 
  0.020456         0.003872         22 
  0.003211         0.011552         38 
  0.000365         0.032768         64 
  0.001895         0.093312         108 
  0.003176         0.267912         183 
  0.001009         0.763848         309 
  0.002432         2.163200         520 
  0.007575         6.139008         876 
  0.032603         17.428608         1476 
  0.132102         49.441568         2486 
  0.582125         140.247752         4187 
  2.201926         397.732808         7051 
  8.558389         1128.125000         11875 
  37.503721         3200.000000         20000 
Corrida 2:
  0.000068         0.000008         1 
  0.000039         0.000032         2 
  0.000031         0.000128         4 
  0.000031         0.000512         8 
  0.000032         0.001352         13 
  0.000062         0.003872         22 
  0.000127         0.011552         38 
  0.000154         0.032768         64 
  0.000273         0.093312         108 
  0.000420         0.267912         183 
  0.000886         0.763848         309 
  0.002304         2.163200         520 
  0.007995         6.139008         876 
  0.031394         17.428608         1476 
  0.132239         49.441568         2486 
  0.567017         140.247752         4187 
  2.230747         397.732808         7051 
  9.013077         1128.125000         11875 
  32.590347         3200.000000         20000 
Corrida 3:
  0.000072         0.000008         1 
  0.000033         0.000032         2 
  0.000030         0.000128         4 
  0.000030         0.000512         8 
  0.000030         0.001352         13 
  0.000068         0.003872         22 
  0.000219         0.011552         38 
  0.000247         0.032768         64 
  0.000442         0.093312         108 
  0.000541         0.267912         183 
  0.000855         0.763848         309 
  0.002232         2.163200         520 
  0.007902         6.139008         876 
  0.028833         17.428608         1476 
  0.127820         49.441568         2486 
  0.532802         140.247752         4187 
  1.730683         397.732808         7051 
  7.447898         1128.125000         11875 
  32.688770         3200.000000         20000 
Corrida 4:
  0.000254         0.000008         1 
  0.000123         0.000032         2 
  0.000028         0.000128         4 
  0.000025         0.000512         8 
  0.000087         0.001352         13 
  0.000089         0.003872         22 
  0.000155         0.011552         38 
  0.000247         0.032768         64 
  0.000424         0.093312         108 
  0.000497         0.267912         183 
  0.000770         0.763848         309 
  0.002162         2.163200         520 
  0.007495         6.139008         876 
  0.030053         17.428608         1476 
  0.129744         49.441568         2486 
  0.516177         140.247752         4187 
  1.835031         397.732808         7051 
  7.591407         1128.125000         11875 
  35.370248         3200.000000         20000 
Corrida 5:
  0.000067         0.000008         1 
  0.000033         0.000032         2 
  0.000030         0.000128         4 
  0.000031         0.000512         8 
  0.000032         0.001352         13 
  0.000064         0.003872         22 
  0.000130         0.011552         38 
  0.000130         0.032768         64 
  0.000246         0.093312         108 
  0.000435         0.267912         183 
  0.000854         0.763848         309 
  0.002348         2.163200         520 
  0.007999         6.139008         876 
  0.031972         17.428608         1476 
  0.143697         49.441568         2486 
  0.500197         140.247752         4187 
  1.761311         397.732808         7051 
  7.719656         1128.125000         11875 
  34.030429         3200.000000         20000 
Corrida 6:
  0.000112         0.000008         1 
  0.000043         0.000032         2 
  0.000039         0.000128         4 
  0.000037         0.000512         8 
  0.000093         0.001352         13 
  0.000101         0.003872         22 
  0.000166         0.011552         38 
  0.000129         0.032768         64 
  0.000217         0.093312         108 
  0.000389         0.267912         183 
  0.000799         0.763848         309 
  0.002167         2.163200         520 
  0.007318         6.139008         876 
  0.030924         17.428608         1476 
  0.130952         49.441568         2486 
  0.563030         140.247752         4187 
  1.833512         397.732808         7051 
  7.779982         1128.125000         11875 
  33.177014         3200.000000         20000 
Corrida 7:
  0.000057         0.000008         1 
  0.000033         0.000032         2 
  0.000031         0.000128         4 
  0.000032         0.000512         8 
  0.000032         0.001352         13 
  0.000064         0.003872         22 
  0.000127         0.011552         38 
  0.000124         0.032768         64 
  0.000225         0.093312         108 
  0.000399         0.267912         183 
  0.000812         0.763848         309 
  0.002214         2.163200         520 
  0.007559         6.139008         876 
  0.030733         17.428608         1476 
  0.131689         49.441568         2486 
  0.529386         140.247752         4187 
  1.731364         397.732808         7051 
  7.666858         1128.125000         11875 
  32.411017         3200.000000         20000 
Corrida 8:
  0.000063         0.000008         1 
  0.000032         0.000032         2 
  0.000028         0.000128         4 
  0.000029         0.000512         8 
  0.000030         0.001352         13 
  0.000150         0.003872         22 
  0.000550         0.011552         38 
  0.000130         0.032768         64 
  0.000230         0.093312         108 
  0.000425         0.267912         183 
  0.000791         0.763848         309 
  0.002212         2.163200         520 
  0.007928         6.139008         876 
  0.029205         17.428608         1476 
  0.126269         49.441568         2486 
  0.533235         140.247752         4187 
  1.809389         397.732808         7051 
  7.490378         1128.125000         11875 
  32.722086         3200.000000         20000 
Corrida 9:
  0.000066         0.000008         1 
  0.000033         0.000032         2 
  0.000030         0.000128         4 
  0.000031         0.000512         8 
  0.000033         0.001352         13 
  0.000094         0.003872         22 
  0.000182         0.011552         38 
  0.000233         0.032768         64 
  0.000241         0.093312         108 
  0.000424         0.267912         183 
  0.000804         0.763848         309 
  0.002251         2.163200         520 
  0.007323         6.139008         876 
  0.029820         17.428608         1476 
  0.127793         49.441568         2486 
  0.569436         140.247752         4187 
  1.733082         397.732808         7051 
  7.342813         1128.125000         11875 
  33.520047         3200.000000         20000 
Corrida 10:
  0.000065         0.000008         1 
  0.000036         0.000032         2 
  0.000032         0.000128         4 
  0.000034         0.000512         8 
  0.000033         0.001352         13 
  0.000072         0.003872         22 
  0.000131         0.011552         38 
  0.000126         0.032768         64 
  0.000224         0.093312         108 
  0.000392         0.267912         183 
  0.000812         0.763848         309 
  0.002213         2.163200         520 
  0.007477         6.139008         876 
  0.031657         17.428608         1476 
  0.130626         49.441568         2486 
  0.546781         140.247752         4187 
  1.845784         397.732808         7051 
  7.357731         1128.125000         11875 
  33.002401         3200.000000         20000 
EOF
