Tiempo E [segundos] Tiempo M [segundos] Tamaño [N]
Corrida 1:
  0.002128         0.000013         1 
  0.000359         0.000033         2 
  0.000334         0.000013         3 
  0.000315         0.000014         5 
  0.000320         0.000013         7 
  0.000323         0.000014         11 
  0.000326         0.000016         17 
  0.000342         0.000560         27 
  0.000266         0.000064         41 
  0.000159         0.000081         61 
  0.000173         0.000100         93 
  0.000267         0.000112         141 
  0.000292         0.000195         213 
  0.000423         0.000543         322 
  0.000711         0.001886         487 
  0.001453         0.005864         736 
  0.002128         0.017729         1113 
  0.003016         0.059229         1681 
  0.004743         0.168190         2540 
  0.007241         0.391452         3838 
  0.009797         1.405018         5799 
  0.016367         4.614948         8762 
  0.022775         16.016913         13237 
  0.035584         53.315125         20000 
Corrida 2:
  0.000180         0.000005         1 
  0.000128         0.000016         2 
  0.000123         0.000004         3 
  0.000119         0.000005         5 
  0.000119         0.000004         7 
  0.000125         0.000006         11 
  0.000173         0.000010         17 
  0.000139         0.000010         27 
  0.000234         0.000061         41 
  0.000281         0.000017         61 
  0.000297         0.000022         93 
  0.000309         0.000094         141 
  0.000346         0.000174         213 
  0.000451         0.000432         322 
  0.000754         0.001472         487 
  0.001493         0.004585         736 
  0.002444         0.014476         1113 
  0.003338         0.087489         1681 
  0.006434         0.173876         2540 
  0.006905         0.521245         3838 
  0.009707         1.447531         5799 
  0.014629         4.742395         8762 
  0.023909         15.859714         13237 
  0.035132         54.235910         20000 
Corrida 3:
  0.000178         0.000006         1 
  0.000129         0.000015         2 
  0.000146         0.000005         3 
  0.000120         0.000005         5 
  0.000119         0.000004         7 
  0.000166         0.000010         11 
  0.000274         0.000010         17 
  0.000243         0.000012         27 
  0.000234         0.000082         41 
  0.000305         0.000017         61 
  0.000298         0.000022         93 
  0.000310         0.000092         141 
  0.000349         0.000168         213 
  0.000460         0.000433         322 
  0.000769         0.001484         487 
  0.001560         0.004522         736 
  0.002553         0.014766         1113 
  0.003505         0.049017         1681 
  0.004869         0.167709         2540 
  0.006934         0.528352         3838 
  0.010161         1.410051         5799 
  0.014701         4.779975         8762 
  0.025967         15.983474         13237 
  0.035265         54.018377         20000 
Corrida 4:
  0.000182         0.000005         1 
  0.000129         0.000015         2 
  0.000126         0.000004         3 
  0.000121         0.000006         5 
  0.000121         0.000005         7 
  0.000127         0.000007         11 
  0.000172         0.000007         17 
  0.000272         0.000051         27 
  0.000226         0.000110         41 
  0.000205         0.000078         61 
  0.000296         0.000063         93 
  0.000308         0.000126         141 
  0.000376         0.000245         213 
  0.000480         0.000559         322 
  0.000764         0.001862         487 
  0.001543         0.006061         736 
  0.002502         0.018081         1113 
  0.003477         0.064467         1681 
  0.005199         0.165289         2540 
  0.006870         0.524748         3838 
  0.012495         1.516616         5799 
  0.015070         4.979703         8762 
  0.023398         17.246536         13237 
  0.038823         55.482968         20000 
Corrida 5:
  0.000181         0.000006         1 
  0.000130         0.000015         2 
  0.000127         0.000005         3 
  0.000123         0.000006         5 
  0.000125         0.000004         7 
  0.000128         0.000007         11 
  0.000133         0.000007         17 
  0.000704         0.000045         27 
  0.000237         0.000075         41 
  0.000243         0.000064         61 
  0.000318         0.000065         93 
  0.000352         0.000115         141 
  0.000369         0.000229         213 
  0.000445         0.000601         322 
  0.000756         0.001960         487 
  0.001449         0.006258         736 
  0.002870         0.020804         1113 
  0.003479         0.046241         1681 
  0.004940         0.137459         2540 
  0.007151         0.516472         3838 
  0.009967         1.555246         5799 
  0.015261         4.963456         8762 
  0.022134         15.734671         13237 
  0.034793         53.314647         20000 
Corrida 6:
  0.000180         0.000006         1 
  0.000163         0.000016         2 
  0.000126         0.000005         3 
  0.000122         0.000006         5 
  0.000121         0.000004         7 
  0.000125         0.000006         11 
  0.000130         0.000007         17 
  0.000411         0.000012         27 
  0.000247         0.000083         41 
  0.000307         0.000017         61 
  0.000300         0.000024         93 
  0.000313         0.000100         141 
  0.000350         0.000200         213 
  0.000462         0.000584         322 
  0.000759         0.001953         487 
  0.001525         0.006076         736 
  0.002607         0.019390         1113 
  0.003470         0.054499         1681 
  0.006302         0.190650         2540 
  0.006740         0.505296         3838 
  0.009738         1.498006         5799 
  0.015058         4.994166         8762 
  0.023147         16.247876         13237 
  0.035629         54.028043         20000 
Corrida 7:
  0.000180         0.000005         1 
  0.000205         0.000015         2 
  0.000123         0.000005         3 
  0.000119         0.000006         5 
  0.000120         0.000005         7 
  0.000127         0.000006         11 
  0.000130         0.000007         17 
  0.000686         0.000044         27 
  0.000234         0.000070         41 
  0.000375         0.000019         61 
  0.000305         0.000024         93 
  0.000311         0.000099         141 
  0.000356         0.000200         213 
  0.000458         0.000550         322 
  0.000752         0.001886         487 
  0.001479         0.006047         736 
  0.002475         0.019489         1113 
  0.003397         0.053886         1681 
  0.005341         0.144059         2540 
  0.007711         0.506410         3838 
  0.009746         1.428569         5799 
  0.014698         4.644945         8762 
  0.022444         16.102196         13237 
  0.038163         54.698844         20000 
Corrida 8:
  0.000184         0.000006         1 
  0.000175         0.000017         2 
  0.000127         0.000006         3 
  0.000121         0.000006         5 
  0.000121         0.000004         7 
  0.000125         0.000006         11 
  0.000132         0.000007         17 
  0.000317         0.000043         27 
  0.000218         0.000112         41 
  0.000236         0.000065         61 
  0.000291         0.000064         93 
  0.000304         0.000125         141 
  0.000375         0.000208         213 
  0.000481         0.000432         322 
  0.000818         0.001505         487 
  0.001641         0.004539         736 
  0.002528         0.014592         1113 
  0.003538         0.055523         1681 
  0.004797         0.204835         2540 
  0.007097         0.501016         3838 
  0.010143         1.383220         5799 
  0.014897         4.725529         8762 
  0.022373         15.713155         13237 
  0.035335         54.321464         20000 
Corrida 9:
  0.000177         0.000006         1 
  0.000156         0.000017         2 
  0.000214         0.000005         3 
  0.000122         0.000006         5 
  0.000120         0.000005         7 
  0.000123         0.000006         11 
  0.000514         0.000010         17 
  0.000287         0.000012         27 
  0.000245         0.000083         41 
  0.000314         0.000016         61 
  0.000301         0.000022         93 
  0.000311         0.000127         141 
  0.000387         0.000203         213 
  0.000589         0.000703         322 
  0.000912         0.002546         487 
  0.001755         0.007507         736 
  0.003492         0.026330         1113 
  0.004377         0.079295         1681 
  0.004801         0.159192         2540 
  0.006921         0.478767         3838 
  0.010714         1.456562         5799 
  0.015232         4.622062         8762 
  0.023002         16.294387         13237 
  0.040125         54.388413         20000 
Corrida 10:
  0.000178         0.000006         1 
  0.000129         0.000015         2 
  0.000126         0.000005         3 
  0.000120         0.000005         5 
  0.000120         0.000005         7 
  0.000126         0.000007         11 
  0.000130         0.000007         17 
  0.000303         0.000554         27 
  0.000257         0.000081         41 
  0.000312         0.000018         61 
  0.000299         0.000025         93 
  0.000314         0.000101         141 
  0.000350         0.000202         213 
  0.000685         0.000556         322 
  0.000758         0.001900         487 
  0.001527         0.005937         736 
  0.002561         0.019500         1113 
  0.003472         0.067341         1681 
  0.004702         0.157451         2540 
  0.006846         0.485282         3838 
  0.012610         1.555588         5799 
  0.015326         5.150793         8762 
  0.022404         15.765799         13237 
  0.035590         54.543666         20000 
EOF
