Tiempo [segundos] Memoria [MB] Tamaño [N]
Corrida 1:
  0.000061         0.000008         1 
  0.000034         0.000032         2 
  0.000024         0.000128         4 
  0.000025         0.000512         8 
  0.000042         0.001352         13 
  0.000457         0.003872         22 
  0.000275         0.011552         38 
  0.000136         0.032768         64 
  0.000235         0.093312         108 
  0.000434         0.267912         183 
  0.000845         0.763848         309 
  0.002308         2.163200         520 
  0.007674         6.139008         876 
  0.030642         17.428608         1476 
  0.134632         49.441568         2486 
  0.527577         140.247752         4187 
  1.823122         397.732808         7051 
  7.817369         1128.125000         11875 
  34.145096         3200.000000         20000 
Corrida 2:
  0.000063         0.000008         1 
  0.000035         0.000032         2 
  0.000031         0.000128         4 
  0.000032         0.000512         8 
  0.000083         0.001352         13 
  0.000096         0.003872         22 
  0.000168         0.011552         38 
  0.000131         0.032768         64 
  0.000229         0.093312         108 
  0.000413         0.267912         183 
  0.000814         0.763848         309 
  0.002152         2.163200         520 
  0.007798         6.139008         876 
  0.030042         17.428608         1476 
  0.130345         49.441568         2486 
  0.566863         140.247752         4187 
  1.758198         397.732808         7051 
  7.551273         1128.125000         11875 
  33.763123         3200.000000         20000 
Corrida 3:
  0.000062         0.000008         1 
  0.000041         0.000032         2 
  0.000030         0.000128         4 
  0.000028         0.000512         8 
  0.000025         0.001352         13 
  0.000063         0.003872         22 
  0.000236         0.011552         38 
  0.000291         0.032768         64 
  0.000378         0.093312         108 
  0.000435         0.267912         183 
  0.000867         0.763848         309 
  0.002132         2.163200         520 
  0.007584         6.139008         876 
  0.030724         17.428608         1476 
  0.129721         49.441568         2486 
  0.521749         140.247752         4187 
  1.971298         397.732808         7051 
  8.081805         1128.125000         11875 
  35.724025         3200.000000         20000 
Corrida 4:
  0.000065         0.000008         1 
  0.000033         0.000032         2 
  0.000029         0.000128         4 
  0.000030         0.000512         8 
  0.000032         0.001352         13 
  0.000065         0.003872         22 
  0.000122         0.011552         38 
  0.000136         0.032768         64 
  0.000228         0.093312         108 
  0.000403         0.267912         183 
  0.000826         0.763848         309 
  0.002139         2.163200         520 
  0.007399         6.139008         876 
  0.031307         17.428608         1476 
  0.131371         49.441568         2486 
  0.570409         140.247752         4187 
  1.950441         397.732808         7051 
  8.160849         1128.125000         11875 
  33.842856         3200.000000         20000 
Corrida 5:
  0.000049         0.000008         1 
  0.000033         0.000032         2 
  0.000029         0.000128         4 
  0.000030         0.000512         8 
  0.000031         0.001352         13 
  0.000063         0.003872         22 
  0.000123         0.011552         38 
  0.000126         0.032768         64 
  0.000248         0.093312         108 
  0.000427         0.267912         183 
  0.000849         0.763848         309 
  0.002190         2.163200         520 
  0.007520         6.139008         876 
  0.030652         17.428608         1476 
  0.130759         49.441568         2486 
  0.568535         140.247752         4187 
  1.961037         397.732808         7051 
  7.763781         1128.125000         11875 
  33.819451         3200.000000         20000 
Corrida 6:
  0.000205         0.000008         1 
  0.000094         0.000032         2 
  0.000081         0.000128         4 
  0.000079         0.000512         8 
  0.000027         0.001352         13 
  0.000103         0.003872         22 
  0.000211         0.011552         38 
  0.000248         0.032768         64 
  0.000381         0.093312         108 
  0.000382         0.267912         183 
  0.000741         0.763848         309 
  0.001993         2.163200         520 
  0.008754         6.139008         876 
  0.030941         17.428608         1476 
  0.132484         49.441568         2486 
  0.505916         140.247752         4187 
  1.720980         397.732808         7051 
  8.010666         1128.125000         11875 
  33.031059         3200.000000         20000 
Corrida 7:
  0.000129         0.000008         1 
  0.000042         0.000032         2 
  0.000089         0.000128         4 
  0.000088         0.000512         8 
  0.000088         0.001352         13 
  0.000117         0.003872         22 
  0.000213         0.011552         38 
  0.000133         0.032768         64 
  0.000230         0.093312         108 
  0.000420         0.267912         183 
  0.000830         0.763848         309 
  0.002711         2.163200         520 
  0.008021         6.139008         876 
  0.028669         17.428608         1476 
  0.136745         49.441568         2486 
  0.520546         140.247752         4187 
  1.901069         397.732808         7051 
  7.636136         1128.125000         11875 
  33.149863         3200.000000         20000 
Corrida 8:
  0.000049         0.000008         1 
  0.000033         0.000032         2 
  0.000029         0.000128         4 
  0.000031         0.000512         8 
  0.000032         0.001352         13 
  0.000064         0.003872         22 
  0.000121         0.011552         38 
  0.000138         0.032768         64 
  0.000226         0.093312         108 
  0.000474         0.267912         183 
  0.000819         0.763848         309 
  0.002273         2.163200         520 
  0.007626         6.139008         876 
  0.029969         17.428608         1476 
  0.133956         49.441568         2486 
  0.555147         140.247752         4187 
  1.749138         397.732808         7051 
  7.545085         1128.125000         11875 
  33.355394         3200.000000         20000 
Corrida 9:
  0.000169         0.000008         1 
  0.000029         0.000032         2 
  0.000023         0.000128         4 
  0.000024         0.000512         8 
  0.000023         0.001352         13 
  0.000094         0.003872         22 
  0.000157         0.011552         38 
  0.000282         0.032768         64 
  0.000396         0.093312         108 
  0.000511         0.267912         183 
  0.000832         0.763848         309 
  0.001977         2.163200         520 
  0.007548         6.139008         876 
  0.029685         17.428608         1476 
  0.127062         49.441568         2486 
  0.545366         140.247752         4187 
  1.847534         397.732808         7051 
  7.718387         1128.125000         11875 
  33.417690         3200.000000         20000 
Corrida 10:
  0.000170         0.000008         1 
  0.000090         0.000032         2 
  0.000080         0.000128         4 
  0.000076         0.000512         8 
  0.000077         0.001352         13 
  0.000080         0.003872         22 
  0.000153         0.011552         38 
  0.000274         0.032768         64 
  0.000425         0.093312         108 
  0.000389         0.267912         183 
  0.000811         0.763848         309 
  0.002154         2.163200         520 
  0.007507         6.139008         876 
  0.030702         17.428608         1476 
  0.126672         49.441568         2486 
  0.514101         140.247752         4187 
  1.833678         397.732808         7051 
  7.560640         1128.125000         11875 
  33.688330         3200.000000         20000 
EOF
