Tiempo [segundos] Memoria [MB] Tamaño [N]
Corrida 1:
  0.000006         0.000024         1 
  0.000025         0.000096         2 
  0.000005         0.000216         3 
  0.000005         0.000600         5 
  0.000003         0.001176         7 
  0.000007         0.002400         10 
  0.000005         0.005400         15 
  0.000015         0.010584         21 
  0.000044         0.021600         30 
  0.000108         0.042336         42 
  0.000061         0.086400         60 
  0.000036         0.169344         84 
  0.000061         0.339864         119 
  0.000129         0.669336         167 
  0.000296         1.336704         236 
  0.000593         2.645376         332 
  0.001637         5.234136         467 
  0.003924         10.359576         657 
  0.010845         20.535000         925 
  0.025879         40.622424         1301 
  0.078592         80.461464         1831 
  0.124832         159.382296         2577 
  0.394914         315.549024         3626 
  1.060271         624.729696         5102 
  2.976656         1236.912984         7179 
  7.055084         2448.724824         10101 
  20.159762         4848.907104         14214 
  54.437615         9600.000000         20000 
Corrida 2:
  0.000005         0.000024         1 
  0.000013         0.000096         2 
  0.000003         0.000216         3 
  0.000004         0.000600         5 
  0.000003         0.001176         7 
  0.000004         0.002400         10 
  0.000004         0.005400         15 
  0.000015         0.010584         21 
  0.000010         0.021600         30 
  0.000078         0.042336         42 
  0.000054         0.086400         60 
  0.000023         0.169344         84 
  0.000041         0.339864         119 
  0.000103         0.669336         167 
  0.000252         1.336704         236 
  0.000631         2.645376         332 
  0.001612         5.234136         467 
  0.004094         10.359576         657 
  0.010705         20.535000         925 
  0.031039         40.622424         1301 
  0.063695         80.461464         1831 
  0.134791         159.382296         2577 
  0.359841         315.549024         3626 
  0.985530         624.729696         5102 
  2.651103         1236.912984         7179 
  7.415624         2448.724824         10101 
  19.610499         4848.907104         14214 
  54.245735         9600.000000         20000 
Corrida 3:
  0.000006         0.000024         1 
  0.000017         0.000096         2 
  0.000004         0.000216         3 
  0.000004         0.000600         5 
  0.000004         0.001176         7 
  0.000005         0.002400         10 
  0.000004         0.005400         15 
  0.000011         0.010584         21 
  0.000144         0.021600         30 
  0.000135         0.042336         42 
  0.000059         0.086400         60 
  0.000059         0.169344         84 
  0.000041         0.339864         119 
  0.000103         0.669336         167 
  0.000250         1.336704         236 
  0.000546         2.645376         332 
  0.001632         5.234136         467 
  0.004018         10.359576         657 
  0.010723         20.535000         925 
  0.023109         40.622424         1301 
  0.075936         80.461464         1831 
  0.192521         159.382296         2577 
  0.334122         315.549024         3626 
  0.929495         624.729696         5102 
  2.573644         1236.912984         7179 
  7.230622         2448.724824         10101 
  19.965598         4848.907104         14214 
  55.087942         9600.000000         20000 
Corrida 4:
  0.000006         0.000024         1 
  0.000017         0.000096         2 
  0.000004         0.000216         3 
  0.000004         0.000600         5 
  0.000003         0.001176         7 
  0.000005         0.002400         10 
  0.000004         0.005400         15 
  0.000010         0.010584         21 
  0.000069         0.021600         30 
  0.000121         0.042336         42 
  0.000053         0.086400         60 
  0.000066         0.169344         84 
  0.000062         0.339864         119 
  0.000084         0.669336         167 
  0.000198         1.336704         236 
  0.000404         2.645376         332 
  0.001260         5.234136         467 
  0.003092         10.359576         657 
  0.008003         20.535000         925 
  0.026331         40.622424         1301 
  0.072019         80.461464         1831 
  0.165535         159.382296         2577 
  0.336494         315.549024         3626 
  0.910920         624.729696         5102 
  2.616223         1236.912984         7179 
  7.348402         2448.724824         10101 
  19.808542         4848.907104         14214 
  56.409300         9600.000000         20000 
Corrida 5:
  0.000006         0.000024         1 
  0.000016         0.000096         2 
  0.000004         0.000216         3 
  0.000004         0.000600         5 
  0.000003         0.001176         7 
  0.000005         0.002400         10 
  0.000004         0.005400         15 
  0.000008         0.010584         21 
  0.000015         0.021600         30 
  0.000136         0.042336         42 
  0.000017         0.086400         60 
  0.000023         0.169344         84 
  0.000041         0.339864         119 
  0.000106         0.669336         167 
  0.000272         1.336704         236 
  0.000543         2.645376         332 
  0.001600         5.234136         467 
  0.004079         10.359576         657 
  0.010739         20.535000         925 
  0.030860         40.622424         1301 
  0.072242         80.461464         1831 
  0.168047         159.382296         2577 
  0.347384         315.549024         3626 
  0.987279         624.729696         5102 
  2.969659         1236.912984         7179 
  7.434291         2448.724824         10101 
  20.906328         4848.907104         14214 
  57.582025         9600.000000         20000 
Corrida 6:
  0.000006         0.000024         1 
  0.000016         0.000096         2 
  0.000009         0.000216         3 
  0.000006         0.000600         5 
  0.000004         0.001176         7 
  0.000005         0.002400         10 
  0.000004         0.005400         15 
  0.000008         0.010584         21 
  0.000007         0.021600         30 
  0.000367         0.042336         42 
  0.000062         0.086400         60 
  0.000024         0.169344         84 
  0.000035         0.339864         119 
  0.000083         0.669336         167 
  0.000248         1.336704         236 
  0.000539         2.645376         332 
  0.001622         5.234136         467 
  0.004091         10.359576         657 
  0.010734         20.535000         925 
  0.030261         40.622424         1301 
  0.078633         80.461464         1831 
  0.169560         159.382296         2577 
  0.345872         315.549024         3626 
  0.918802         624.729696         5102 
  2.600054         1236.912984         7179 
  7.413030         2448.724824         10101 
  21.493599         4848.907104         14214 
  58.034788         9600.000000         20000 
Corrida 7:
  0.000005         0.000024         1 
  0.000016         0.000096         2 
  0.000010         0.000216         3 
  0.000006         0.000600         5 
  0.000004         0.001176         7 
  0.000005         0.002400         10 
  0.000004         0.005400         15 
  0.000008         0.010584         21 
  0.000013         0.021600         30 
  0.000102         0.042336         42 
  0.000056         0.086400         60 
  0.000023         0.169344         84 
  0.000041         0.339864         119 
  0.000139         0.669336         167 
  0.000284         1.336704         236 
  0.000543         2.645376         332 
  0.001967         5.234136         467 
  0.004141         10.359576         657 
  0.009390         20.535000         925 
  0.032805         40.622424         1301 
  0.084198         80.461464         1831 
  0.180898         159.382296         2577 
  0.374956         315.549024         3626 
  1.037281         624.729696         5102 
  2.609416         1236.912984         7179 
  7.578474         2448.724824         10101 
  20.358934         4848.907104         14214 
  64.909221         9600.000000         20000 
Corrida 8:
  0.000006         0.000024         1 
  0.000019         0.000096         2 
  0.000009         0.000216         3 
  0.000010         0.000600         5 
  0.000006         0.001176         7 
  0.000007         0.002400         10 
  0.000006         0.005400         15 
  0.000010         0.010584         21 
  0.000009         0.021600         30 
  0.000032         0.042336         42 
  0.000018         0.086400         60 
  0.000022         0.169344         84 
  0.000041         0.339864         119 
  0.000105         0.669336         167 
  0.000269         1.336704         236 
  0.000546         2.645376         332 
  0.001705         5.234136         467 
  0.004050         10.359576         657 
  0.010778         20.535000         925 
  0.028477         40.622424         1301 
  0.069334         80.461464         1831 
  0.184028         159.382296         2577 
  0.500095         315.549024         3626 
  1.285760         624.729696         5102 
  3.632318         1236.912984         7179 
  9.873220         2448.724824         10101 
  27.477685         4848.907104         14214 
  74.896390         9600.000000         20000 
Corrida 9:
  0.000005         0.000024         1 
  0.000019         0.000096         2 
  0.000010         0.000216         3 
  0.000008         0.000600         5 
  0.000006         0.001176         7 
  0.000007         0.002400         10 
  0.000006         0.005400         15 
  0.000010         0.010584         21 
  0.000017         0.021600         30 
  0.000034         0.042336         42 
  0.000019         0.086400         60 
  0.000025         0.169344         84 
  0.000042         0.339864         119 
  0.000108         0.669336         167 
  0.000318         1.336704         236 
  0.000550         2.645376         332 
  0.001645         5.234136         467 
  0.004089         10.359576         657 
  0.010411         20.535000         925 
  0.028226         40.622424         1301 
  0.080761         80.461464         1831 
  0.185303         159.382296         2577 
  0.477042         315.549024         3626 
  1.276246         624.729696         5102 
  3.462555         1236.912984         7179 
  10.239124         2448.724824         10101 
  27.047209         4848.907104         14214 
  75.952296         9600.000000         20000 
Corrida 10:
  0.000006         0.000024         1 
  0.000018         0.000096         2 
  0.000006         0.000216         3 
  0.000007         0.000600         5 
  0.000006         0.001176         7 
  0.000008         0.002400         10 
  0.000011         0.005400         15 
  0.000011         0.010584         21 
  0.000010         0.021600         30 
  0.000031         0.042336         42 
  0.000038         0.086400         60 
  0.000026         0.169344         84 
  0.000040         0.339864         119 
  0.000109         0.669336         167 
  0.000249         1.336704         236 
  0.000554         2.645376         332 
  0.001624         5.234136         467 
  0.004219         10.359576         657 
  0.010856         20.535000         925 
  0.028755         40.622424         1301 
  0.074364         80.461464         1831 
  0.190218         159.382296         2577 
  0.483792         315.549024         3626 
  1.296374         624.729696         5102 
  3.553425         1236.912984         7179 
  10.253594         2448.724824         10101 
  27.766832         4848.907104         14214 
  73.014584         9600.000000         20000 
EOF
