Tiempo [segundos] Memoria [MB] Tamaño [N]
Corrida 1:
  0.002391         0.000016         1 
  0.000711         0.000064         2 
  0.000206         0.000256         4 
  0.000022         0.001024         8 
  0.003073         0.002704         13 
  0.002861         0.007744         22 
  0.002619         0.023104         38 
  0.000159         0.065536         64 
  0.000677         0.186624         108 
  0.003539         0.535824         183 
  0.001235         1.527696         309 
  0.003869         4.326400         520 
  0.013898         12.278016         876 
  0.083086         34.857216         1476 
  0.309445         98.883136         2486 
  1.010265         280.495504         4187 
  4.230795         795.465616         7051 
  17.794189         2256.250000         11875 
  79.733468         6400.000000         20000 
Corrida 2:
  0.000049         0.000016         1 
  0.000016         0.000064         2 
  0.000016         0.000256         4 
  0.000040         0.001024         8 
  0.000049         0.002704         13 
  0.000047         0.007744         22 
  0.000365         0.023104         38 
  0.000099         0.065536         64 
  0.000167         0.186624         108 
  0.000456         0.535824         183 
  0.001427         1.527696         309 
  0.004630         4.326400         520 
  0.018473         12.278016         876 
  0.101746         34.857216         1476 
  0.446323         98.883136         2486 
  1.062820         280.495504         4187 
  4.257785         795.465616         7051 
  17.053833         2256.250000         11875 
  76.465366         6400.000000         20000 
Corrida 3:
  0.000035         0.000016         1 
  0.000014         0.000064         2 
  0.000013         0.000256         4 
  0.000014         0.001024         8 
  0.000032         0.002704         13 
  0.000038         0.007744         22 
  0.000313         0.023104         38 
  0.000097         0.065536         64 
  0.000205         0.186624         108 
  0.000498         0.535824         183 
  0.001469         1.527696         309 
  0.005128         4.326400         520 
  0.020107         12.278016         876 
  0.082544         34.857216         1476 
  0.306237         98.883136         2486 
  1.008204         280.495504         4187 
  3.881438         795.465616         7051 
  17.424558         2256.250000         11875 
  76.084106         6400.000000         20000 
Corrida 4:
  0.000036         0.000016         1 
  0.000015         0.000064         2 
  0.000013         0.000256         4 
  0.000013         0.001024         8 
  0.000045         0.002704         13 
  0.000043         0.007744         22 
  0.000113         0.023104         38 
  0.000096         0.065536         64 
  0.000191         0.186624         108 
  0.000504         0.535824         183 
  0.001360         1.527696         309 
  0.004781         4.326400         520 
  0.018085         12.278016         876 
  0.082524         34.857216         1476 
  0.407961         98.883136         2486 
  1.207481         280.495504         4187 
  4.260053         795.465616         7051 
  16.607254         2256.250000         11875 
  78.070038         6400.000000         20000 
Corrida 5:
  0.000036         0.000016         1 
  0.000016         0.000064         2 
  0.000012         0.000256         4 
  0.000045         0.001024         8 
  0.000039         0.002704         13 
  0.000037         0.007744         22 
  0.000319         0.023104         38 
  0.000104         0.065536         64 
  0.000448         0.186624         108 
  0.000495         0.535824         183 
  0.001421         1.527696         309 
  0.004968         4.326400         520 
  0.019244         12.278016         876 
  0.087511         34.857216         1476 
  0.376285         98.883136         2486 
  1.020132         280.495504         4187 
  3.752702         795.465616         7051 
  17.970160         2256.250000         11875 
  74.816953         6400.000000         20000 
Corrida 6:
  0.000037         0.000016         1 
  0.000016         0.000064         2 
  0.000013         0.000256         4 
  0.000014         0.001024         8 
  0.000037         0.002704         13 
  0.000038         0.007744         22 
  0.000276         0.023104         38 
  0.000131         0.065536         64 
  0.000541         0.186624         108 
  0.000513         0.535824         183 
  0.001232         1.527696         309 
  0.004637         4.326400         520 
  0.018069         12.278016         876 
  0.087059         34.857216         1476 
  0.317373         98.883136         2486 
  1.051243         280.495504         4187 
  3.872357         795.465616         7051 
  16.697528         2256.250000         11875 
  75.729107         6400.000000         20000 
Corrida 7:
  0.000037         0.000016         1 
  0.000014         0.000064         2 
  0.000016         0.000256         4 
  0.000017         0.001024         8 
  0.000061         0.002704         13 
  0.000049         0.007744         22 
  0.000302         0.023104         38 
  0.000099         0.065536         64 
  0.000239         0.186624         108 
  0.000613         0.535824         183 
  0.001536         1.527696         309 
  0.005267         4.326400         520 
  0.019774         12.278016         876 
  0.093263         34.857216         1476 
  0.470411         98.883136         2486 
  0.997289         280.495504         4187 
  4.092672         795.465616         7051 
  17.102417         2256.250000         11875 
  77.922180         6400.000000         20000 
Corrida 8:
  0.000036         0.000016         1 
  0.000014         0.000064         2 
  0.000012         0.000256         4 
  0.000014         0.001024         8 
  0.000047         0.002704         13 
  0.000041         0.007744         22 
  0.000652         0.023104         38 
  0.000136         0.065536         64 
  0.000206         0.186624         108 
  0.000444         0.535824         183 
  0.001275         1.527696         309 
  0.004785         4.326400         520 
  0.018970         12.278016         876 
  0.072894         34.857216         1476 
  0.300748         98.883136         2486 
  1.021924         280.495504         4187 
  3.894661         795.465616         7051 
  16.843025         2256.250000         11875 
  76.984073         6400.000000         20000 
Corrida 9:
  0.000037         0.000016         1 
  0.000031         0.000064         2 
  0.000060         0.000256         4 
  0.000016         0.001024         8 
  0.000040         0.002704         13 
  0.000039         0.007744         22 
  0.000271         0.023104         38 
  0.000175         0.065536         64 
  0.000198         0.186624         108 
  0.000489         0.535824         183 
  0.001466         1.527696         309 
  0.005045         4.326400         520 
  0.019975         12.278016         876 
  0.089398         34.857216         1476 
  0.343792         98.883136         2486 
  1.017473         280.495504         4187 
  3.720403         795.465616         7051 
  16.875403         2256.250000         11875 
  76.495305         6400.000000         20000 
Corrida 10:
  0.000040         0.000016         1 
  0.000017         0.000064         2 
  0.000019         0.000256         4 
  0.000017         0.001024         8 
  0.000045         0.002704         13 
  0.000050         0.007744         22 
  0.000306         0.023104         38 
  0.000100         0.065536         64 
  0.000411         0.186624         108 
  0.000659         0.535824         183 
  0.001576         1.527696         309 
  0.005143         4.326400         520 
  0.024065         12.278016         876 
  0.143096         34.857216         1476 
  0.358936         98.883136         2486 
  0.876308         280.495504         4187 
  3.728961         795.465616         7051 
  16.433617         2256.250000         11875 
  77.988199         6400.000000         20000 
EOF
