Tiempo E [segundos] Tiempo M [segundos] Tamaño [N]
Corrida 1:
  0.000044         0.000025         1 
  0.000036         0.003796         2 
  0.000051         0.000009         3 
  0.000030         0.000239         5 
  0.000048         0.000008         7 
  0.000034         0.000010         11 
  0.000037         0.000006         17 
  0.000036         0.000285         27 
  0.000100         0.001408         41 
  0.000219         0.000031         61 
  0.000194         0.000037         93 
  0.000198         0.001182         141 
  0.000249         0.000246         213 
  0.000326         0.000614         322 
  0.000600         0.001365         487 
  0.001391         0.004169         736 
  0.002071         0.013264         1113 
  0.003407         0.046948         1681 
  0.004429         0.136712         2540 
  0.007072         0.473266         3838 
  0.010107         1.861677         5799 
  0.015214         6.202198         8762 
  0.024388         21.072013         13237 
  0.039978         75.408977         20000 
Corrida 2:
  0.000045         0.000006         1 
  0.000029         0.000022         2 
  0.000029         0.000004         3 
  0.000028         0.000005         5 
  0.000029         0.000003         7 
  0.000029         0.000005         11 
  0.000037         0.000005         17 
  0.000546         0.000046         27 
  0.000085         0.000181         41 
  0.000176         0.000094         61 
  0.000195         0.000068         93 
  0.000189         0.000106         141 
  0.000231         0.000205         213 
  0.000298         0.000564         322 
  0.000612         0.001898         487 
  0.001471         0.006128         736 
  0.002314         0.020202         1113 
  0.003447         0.064190         1681 
  0.004792         0.202838         2540 
  0.007140         0.686516         3838 
  0.010631         1.943645         5799 
  0.015320         6.024171         8762 
  0.025851         21.505705         13237 
  0.041536         75.567063         20000 
Corrida 3:
  0.000041         0.000005         1 
  0.000030         0.000016         2 
  0.000029         0.000004         3 
  0.000029         0.000005         5 
  0.000029         0.000004         7 
  0.000030         0.000005         11 
  0.000041         0.000005         17 
  0.000194         0.000054         27 
  0.000087         0.000054         41 
  0.000234         0.000138         61 
  0.000234         0.000151         93 
  0.000182         0.000157         141 
  0.000315         0.000242         213 
  0.000333         0.000583         322 
  0.000713         0.002005         487 
  0.001547         0.005791         736 
  0.002538         0.019580         1113 
  0.003322         0.059434         1681 
  0.005607         0.210460         2540 
  0.007107         0.640699         3838 
  0.010101         1.944977         5799 
  0.018650         5.929425         8762 
  0.024486         20.567654         13237 
  0.041626         75.071647         20000 
Corrida 4:
  0.000041         0.000006         1 
  0.000033         0.000016         2 
  0.000030         0.000004         3 
  0.000029         0.000005         5 
  0.000030         0.000004         7 
  0.000030         0.000006         11 
  0.000037         0.000005         17 
  0.000175         0.000054         27 
  0.000130         0.000089         41 
  0.000166         0.000082         61 
  0.000172         0.000062         93 
  0.000178         0.000119         141 
  0.000254         0.000213         213 
  0.000339         0.000578         322 
  0.000638         0.001967         487 
  0.001793         0.006133         736 
  0.002279         0.018774         1113 
  0.003353         0.059107         1681 
  0.005711         0.192420         2540 
  0.007059         0.671524         3838 
  0.010567         2.021129         5799 
  0.016319         6.696354         8762 
  0.027883         23.096482         13237 
  0.040774         68.983581         20000 
Corrida 5:
  0.000041         0.000006         1 
  0.000031         0.000016         2 
  0.000030         0.000004         3 
  0.000029         0.000005         5 
  0.000029         0.000004         7 
  0.000030         0.000006         11 
  0.000037         0.000005         17 
  0.000034         0.000010         27 
  0.000119         0.000081         41 
  0.000094         0.000054         61 
  0.000141         0.000076         93 
  0.000203         0.000147         141 
  0.000179         0.000242         213 
  0.000259         0.000561         322 
  0.000671         0.001903         487 
  0.001369         0.005959         736 
  0.002421         0.019652         1113 
  0.003464         0.065168         1681 
  0.004903         0.184554         2540 
  0.006785         0.561538         3838 
  0.010675         1.989792         5799 
  0.017350         6.627173         8762 
  0.026795         20.884541         13237 
  0.042027         69.240516         20000 
Corrida 6:
  0.000041         0.000006         1 
  0.000031         0.000016         2 
  0.000030         0.000004         3 
  0.000030         0.000005         5 
  0.000030         0.000004         7 
  0.000030         0.000006         11 
  0.000037         0.000005         17 
  0.000174         0.000059         27 
  0.000092         0.000075         41 
  0.000123         0.000045         61 
  0.000198         0.000066         93 
  0.000174         0.000235         141 
  0.000268         0.000217         213 
  0.000320         0.000454         322 
  0.000544         0.001448         487 
  0.001375         0.004688         736 
  0.002224         0.016883         1113 
  0.003265         0.062963         1681 
  0.004862         0.184309         2540 
  0.007569         0.653169         3838 
  0.010066         2.000015         5799 
  0.018407         6.653915         8762 
  0.026702         23.244724         13237 
  0.041100         73.561401         20000 
Corrida 7:
  0.000044         0.000006         1 
  0.000034         0.000016         2 
  0.000030         0.000004         3 
  0.000029         0.000005         5 
  0.000030         0.000004         7 
  0.000031         0.000006         11 
  0.000035         0.000005         17 
  0.000595         0.000080         27 
  0.000098         0.000062         41 
  0.000161         0.000017         61 
  0.000161         0.000024         93 
  0.000170         0.000102         141 
  0.000277         0.000214         213 
  0.000351         0.000559         322 
  0.000676         0.001959         487 
  0.001745         0.006171         736 
  0.002480         0.018449         1113 
  0.003753         0.057691         1681 
  0.004782         0.238505         2540 
  0.007226         0.577113         3838 
  0.009831         1.871549         5799 
  0.015728         6.479457         8762 
  0.027121         20.644473         13237 
  0.040567         75.918147         20000 
Corrida 8:
  0.000043         0.000006         1 
  0.000033         0.000015         2 
  0.000034         0.000004         3 
  0.000032         0.000005         5 
  0.000032         0.000004         7 
  0.000035         0.000007         11 
  0.000089         0.000006         17 
  0.000038         0.000049         27 
  0.000099         0.000075         41 
  0.000126         0.000043         61 
  0.000137         0.000043         93 
  0.000133         0.000104         141 
  0.000201         0.000200         213 
  0.000253         0.000542         322 
  0.000590         0.002038         487 
  0.001552         0.005564         736 
  0.003288         0.027988         1113 
  0.005445         0.072366         1681 
  0.004459         0.201426         2540 
  0.007342         0.571022         3838 
  0.009428         1.785356         5799 
  0.014441         6.291522         8762 
  0.025266         21.963906         13237 
  0.042633         73.476780         20000 
Corrida 9:
  0.000043         0.000006         1 
  0.000038         0.000017         2 
  0.000034         0.000004         3 
  0.000031         0.000005         5 
  0.000031         0.000004         7 
  0.000032         0.000006         11 
  0.000095         0.000006         17 
  0.000083         0.000044         27 
  0.000096         0.000067         41 
  0.000100         0.000079         61 
  0.000176         0.000062         93 
  0.000176         0.000121         141 
  0.000241         0.000203         213 
  0.000300         0.000567         322 
  0.000644         0.001881         487 
  0.001434         0.006158         736 
  0.002413         0.019229         1113 
  0.005049         0.065091         1681 
  0.004499         0.193832         2540 
  0.006883         0.568540         3838 
  0.009934         1.812890         5799 
  0.014466         6.181376         8762 
  0.025669         20.487368         13237 
  0.040269         72.940522         20000 
Corrida 10:
  0.000042         0.000005         1 
  0.000031         0.000015         2 
  0.000030         0.000004         3 
  0.000030         0.000005         5 
  0.000031         0.000004         7 
  0.000031         0.000006         11 
  0.000037         0.000005         17 
  0.000611         0.000045         27 
  0.000084         0.000076         41 
  0.000162         0.000016         61 
  0.000161         0.000024         93 
  0.000169         0.000101         141 
  0.000220         0.000206         213 
  0.000364         0.000568         322 
  0.000654         0.001936         487 
  0.001494         0.006046         736 
  0.002358         0.019764         1113 
  0.003296         0.063394         1681 
  0.004696         0.170786         2540 
  0.007504         0.465154         3838 
  0.009879         1.525954         5799 
  0.014420         5.168405         8762 
  0.023750         15.674826         13237 
  0.039556         54.289981         20000 
EOF
