Tiempo [segundos] Memoria [MB] Tamaño [N]
Corrida 1:
  0.006542         0.000008         1 
  0.002017         0.000032         2 
  0.000030         0.000128         4 
  0.000027         0.000512         8 
  0.019418         0.001352         13 
  0.002791         0.003872         22 
  0.003833         0.011552         38 
  0.000175         0.032768         64 
  0.000620         0.093312         108 
  0.004238         0.267912         183 
  0.002094         0.763848         309 
  0.006425         2.163200         520 
  0.020411         6.139008         876 
  0.095383         17.428608         1476 
  0.330292         49.441568         2486 
  1.120585         140.247752         4187 
  4.037177         397.732808         7051 
  19.548646         1128.125000         11875 
  79.956096         3200.000000         20000 
Corrida 2:
  0.000761         0.000008         1 
  0.000190         0.000032         2 
  0.000408         0.000128         4 
  0.000151         0.000512         8 
  0.000108         0.001352         13 
  0.000988         0.003872         22 
  0.001072         0.011552         38 
  0.000146         0.032768         64 
  0.000493         0.093312         108 
  0.000854         0.267912         183 
  0.001530         0.763848         309 
  0.005489         2.163200         520 
  0.020635         6.139008         876 
  0.093565         17.428608         1476 
  0.363860         49.441568         2486 
  0.992932         140.247752         4187 
  4.265087         397.732808         7051 
  18.437428         1128.125000         11875 
  82.000914         3200.000000         20000 
Corrida 3:
  0.001001         0.000008         1 
  0.000193         0.000032         2 
  0.000065         0.000128         4 
  0.000062         0.000512         8 
  0.000137         0.001352         13 
  0.000725         0.003872         22 
  0.000619         0.011552         38 
  0.000148         0.032768         64 
  0.000816         0.093312         108 
  0.001898         0.267912         183 
  0.001956         0.763848         309 
  0.005527         2.163200         520 
  0.020108         6.139008         876 
  0.094055         17.428608         1476 
  0.383579         49.441568         2486 
  1.030968         140.247752         4187 
  4.180711         397.732808         7051 
  17.272125         1128.125000         11875 
  77.617196         3200.000000         20000 
Corrida 4:
  0.001052         0.000008         1 
  0.000182         0.000032         2 
  0.000057         0.000128         4 
  0.000055         0.000512         8 
  0.000089         0.001352         13 
  0.000733         0.003872         22 
  0.000823         0.011552         38 
  0.000254         0.032768         64 
  0.000558         0.093312         108 
  0.001113         0.267912         183 
  0.001658         0.763848         309 
  0.005956         2.163200         520 
  0.025649         6.139008         876 
  0.103674         17.428608         1476 
  0.328236         49.441568         2486 
  0.972143         140.247752         4187 
  4.236380         397.732808         7051 
  17.864167         1128.125000         11875 
  80.199361         3200.000000         20000 
Corrida 5:
  0.000785         0.000008         1 
  0.000185         0.000032         2 
  0.000164         0.000128         4 
  0.000051         0.000512         8 
  0.000193         0.001352         13 
  0.001495         0.003872         22 
  0.000771         0.011552         38 
  0.000220         0.032768         64 
  0.000407         0.093312         108 
  0.001778         0.267912         183 
  0.001694         0.763848         309 
  0.006367         2.163200         520 
  0.022373         6.139008         876 
  0.097074         17.428608         1476 
  0.426884         49.441568         2486 
  1.301034         140.247752         4187 
  4.955722         397.732808         7051 
  17.957188         1128.125000         11875 
  78.311850         3200.000000         20000 
Corrida 6:
  0.000742         0.000008         1 
  0.000050         0.000032         2 
  0.000058         0.000128         4 
  0.000026         0.000512         8 
  0.000151         0.001352         13 
  0.000613         0.003872         22 
  0.000751         0.011552         38 
  0.000185         0.032768         64 
  0.000451         0.093312         108 
  0.001205         0.267912         183 
  0.001460         0.763848         309 
  0.005435         2.163200         520 
  0.020907         6.139008         876 
  0.145150         17.428608         1476 
  0.313776         49.441568         2486 
  0.963160         140.247752         4187 
  4.044364         397.732808         7051 
  17.896357         1128.125000         11875 
  77.493528         3200.000000         20000 
Corrida 7:
  0.000067         0.000008         1 
  0.000034         0.000032         2 
  0.000021         0.000128         4 
  0.000023         0.000512         8 
  0.000047         0.001352         13 
  0.000070         0.003872         22 
  0.000202         0.011552         38 
  0.000109         0.032768         64 
  0.000283         0.093312         108 
  0.000681         0.267912         183 
  0.001684         0.763848         309 
  0.006040         2.163200         520 
  0.022107         6.139008         876 
  0.096815         17.428608         1476 
  0.405591         49.441568         2486 
  0.932771         140.247752         4187 
  3.994865         397.732808         7051 
  17.538750         1128.125000         11875 
  79.937308         3200.000000         20000 
Corrida 8:
  0.000062         0.000008         1 
  0.000028         0.000032         2 
  0.000031         0.000128         4 
  0.000032         0.000512         8 
  0.000071         0.001352         13 
  0.000086         0.003872         22 
  0.000149         0.011552         38 
  0.000132         0.032768         64 
  0.000271         0.093312         108 
  0.000704         0.267912         183 
  0.001702         0.763848         309 
  0.006438         2.163200         520 
  0.022658         6.139008         876 
  0.094581         17.428608         1476 
  0.429103         49.441568         2486 
  1.154603         140.247752         4187 
  4.147198         397.732808         7051 
  21.069189         1128.125000         11875 
  78.908845         3200.000000         20000 
Corrida 9:
  0.000077         0.000008         1 
  0.000038         0.000032         2 
  0.000023         0.000128         4 
  0.000398         0.000512         8 
  0.000070         0.001352         13 
  0.000251         0.003872         22 
  0.000189         0.011552         38 
  0.000192         0.032768         64 
  0.000235         0.093312         108 
  0.000593         0.267912         183 
  0.001374         0.763848         309 
  0.005030         2.163200         520 
  0.020140         6.139008         876 
  0.081690         17.428608         1476 
  0.441321         49.441568         2486 
  1.067473         140.247752         4187 
  4.147083         397.732808         7051 
  17.306226         1128.125000         11875 
  77.330363         3200.000000         20000 
Corrida 10:
  0.000701         0.000008         1 
  0.000024         0.000032         2 
  0.000024         0.000128         4 
  0.000022         0.000512         8 
  0.000112         0.001352         13 
  0.000624         0.003872         22 
  0.000704         0.011552         38 
  0.000299         0.032768         64 
  0.000278         0.093312         108 
  0.001163         0.267912         183 
  0.001752         0.763848         309 
  0.006758         2.163200         520 
  0.023498         6.139008         876 
  0.098194         17.428608         1476 
  0.449419         49.441568         2486 
  1.045861         140.247752         4187 
  3.868058         397.732808         7051 
  17.097975         1128.125000         11875 
  81.103276         3200.000000         20000 
EOF
