Tiempo E [segundos] Tiempo M [segundos] Tamaño [N]
Corrida 1:
  0.000400         0.000088         1 
  0.000248         0.000281         2 
  0.000252         0.000213         3 
  0.000227         0.000174         5 
  0.000222         0.000165         7 
  0.000223         0.000174         11 
  0.000228         0.000171         17 
  0.000222         0.000171         27 
  0.000224         0.000170         41 
  0.000230         0.000178         61 
  0.000289         0.000133         93 
  0.000235         0.000220         141 
  0.000382         0.000147         213 
  0.000428         0.000194         322 
  0.000403         0.000226         487 
  0.000388         0.000310         736 
  0.000395         0.000426         1113 
  0.000417         0.000713         1681 
  0.000458         0.000878         2540 
  0.000511         0.001146         3838 
  0.000721         0.001889         5799 
  0.000683         0.002871         8762 
  0.000909         0.004172         13237 
  0.001095         0.006324         20000 
Corrida 2:
  0.000285         0.000264         1 
  0.000241         0.000182         2 
  0.000367         0.000066         3 
  0.000222         0.000174         5 
  0.000237         0.000152         7 
  0.000245         0.000181         11 
  0.000238         0.000198         17 
  0.000267         0.000247         27 
  0.000250         0.000196         41 
  0.000294         0.000149         61 
  0.000236         0.000200         93 
  0.000237         0.000214         141 
  0.000349         0.000136         213 
  0.000294         0.000164         322 
  0.000351         0.000213         487 
  0.000366         0.000273         736 
  0.000376         0.000401         1113 
  0.000402         0.000544         1681 
  0.000447         0.000788         2540 
  0.000487         0.001070         3838 
  0.000575         0.001781         5799 
  0.000655         0.002825         8762 
  0.000796         0.004245         13237 
  0.001079         0.006477         20000 
Corrida 3:
  0.000294         0.000233         1 
  0.000242         0.000175         2 
  0.000368         0.000063         3 
  0.000223         0.000201         5 
  0.000241         0.000181         7 
  0.000238         0.000197         11 
  0.000241         0.000187         17 
  0.000240         0.000163         27 
  0.000243         0.000175         41 
  0.000231         0.000176         61 
  0.000233         0.000184         93 
  0.000294         0.000153         141 
  0.000337         0.000144         213 
  0.000352         0.000167         322 
  0.000358         0.000208         487 
  0.000368         0.000281         736 
  0.000399         0.000418         1113 
  0.000415         0.000553         1681 
  0.000444         0.000799         2540 
  0.000501         0.001100         3838 
  0.000610         0.001843         5799 
  0.000677         0.002949         8762 
  0.000886         0.004362         13237 
  0.001150         0.006748         20000 
Corrida 4:
  0.000292         0.000264         1 
  0.000243         0.000168         2 
  0.000223         0.000182         3 
  0.000236         0.000188         5 
  0.000240         0.000183         7 
  0.000238         0.000185         11 
  0.000243         0.000196         17 
  0.000239         0.000162         27 
  0.000246         0.000172         41 
  0.000231         0.000174         61 
  0.000232         0.000222         93 
  0.000257         0.000219         141 
  0.000349         0.000135         213 
  0.000347         0.000163         322 
  0.000353         0.000204         487 
  0.000361         0.000278         736 
  0.000380         0.000402         1113 
  0.000401         0.000543         1681 
  0.000515         0.000814         2540 
  0.000498         0.001109         3838 
  0.000565         0.001781         5799 
  0.000615         0.002805         8762 
  0.000807         0.004171         13237 
  0.001066         0.006612         20000 
Corrida 5:
  0.000280         0.000232         1 
  0.000231         0.000161         2 
  0.000220         0.000157         3 
  0.000217         0.000156         5 
  0.000219         0.000156         7 
  0.000221         0.000160         11 
  0.000225         0.000165         17 
  0.000221         0.000181         27 
  0.000228         0.000184         41 
  0.000226         0.000173         61 
  0.000232         0.000183         93 
  0.000265         0.000192         141 
  0.000351         0.000137         213 
  0.000349         0.000163         322 
  0.000351         0.000206         487 
  0.000364         0.000278         736 
  0.000373         0.000402         1113 
  0.000394         0.000537         1681 
  0.000453         0.000772         2540 
  0.000475         0.001094         3838 
  0.000568         0.001762         5799 
  0.000628         0.002829         8762 
  0.000814         0.004216         13237 
  0.001082         0.006504         20000 
Corrida 6:
  0.000288         0.000231         1 
  0.000236         0.000175         2 
  0.000221         0.000152         3 
  0.000251         0.000171         5 
  0.000321         0.000296         7 
  0.000312         0.000189         11 
  0.000228         0.000165         17 
  0.000223         0.000122         27 
  0.000224         0.000179         41 
  0.000227         0.000172         61 
  0.000288         0.000131         93 
  0.000235         0.000242         141 
  0.000322         0.000183         213 
  0.000349         0.000167         322 
  0.000351         0.000206         487 
  0.000367         0.000283         736 
  0.000408         0.000412         1113 
  0.000468         0.000575         1681 
  0.000428         0.000782         2540 
  0.000498         0.001054         3838 
  0.000553         0.001783         5799 
  0.000658         0.002841         8762 
  0.000795         0.004227         13237 
  0.001250         0.006321         20000 
Corrida 7:
  0.000292         0.000276         1 
  0.000230         0.000196         2 
  0.000247         0.000075         3 
  0.000215         0.000256         5 
  0.000219         0.000158         7 
  0.000219         0.000158         11 
  0.000219         0.000202         17 
  0.000230         0.000181         27 
  0.000227         0.000170         41 
  0.000231         0.000173         61 
  0.000233         0.000184         93 
  0.000238         0.000202         141 
  0.000293         0.000243         213 
  0.000393         0.000166         322 
  0.000366         0.000207         487 
  0.000364         0.000274         736 
  0.000381         0.000404         1113 
  0.000400         0.000534         1681 
  0.000424         0.000769         2540 
  0.000520         0.001076         3838 
  0.000607         0.001796         5799 
  0.000624         0.002825         8762 
  0.000810         0.004186         13237 
  0.001109         0.006277         20000 
Corrida 8:
  0.000277         0.000216         1 
  0.000225         0.000158         2 
  0.000220         0.000158         3 
  0.000223         0.000156         5 
  0.000219         0.000153         7 
  0.000222         0.000161         11 
  0.000221         0.000160         17 
  0.000221         0.000174         27 
  0.000225         0.000169         41 
  0.000228         0.000195         61 
  0.000231         0.000193         93 
  0.000235         0.000197         141 
  0.000340         0.000134         213 
  0.000341         0.000163         322 
  0.000355         0.000203         487 
  0.000357         0.000273         736 
  0.000371         0.000405         1113 
  0.000393         0.000536         1681 
  0.000425         0.000772         2540 
  0.000485         0.001147         3838 
  0.000583         0.001771         5799 
  0.000616         0.002808         8762 
  0.000763         0.004236         13237 
  0.001067         0.006327         20000 
Corrida 9:
  0.000285         0.000225         1 
  0.000236         0.000066         2 
  0.000219         0.000157         3 
  0.000222         0.000159         5 
  0.000220         0.000156         7 
  0.000222         0.000161         11 
  0.000221         0.000179         17 
  0.000225         0.000172         27 
  0.000225         0.000170         41 
  0.000228         0.000173         61 
  0.000230         0.000183         93 
  0.000234         0.000201         141 
  0.000306         0.000179         213 
  0.000346         0.000164         322 
  0.000351         0.000203         487 
  0.000360         0.000275         736 
  0.000371         0.000405         1113 
  0.000396         0.000542         1681 
  0.000460         0.000771         2540 
  0.000492         0.001063         3838 
  0.000563         0.001762         5799 
  0.000625         0.002812         8762 
  0.000787         0.004189         13237 
  0.001064         0.006315         20000 
Corrida 10:
  0.000287         0.000221         1 
  0.000226         0.000168         2 
  0.000219         0.000163         3 
  0.000219         0.000155         5 
  0.000220         0.000171         7 
  0.000283         0.000114         11 
  0.000222         0.000163         17 
  0.000221         0.000174         27 
  0.000225         0.000170         41 
  0.000228         0.000176         61 
  0.000232         0.000178         93 
  0.000235         0.000248         141 
  0.000351         0.000134         213 
  0.000349         0.000163         322 
  0.000351         0.000206         487 
  0.000360         0.000272         736 
  0.000392         0.000408         1113 
  0.000413         0.000532         1681 
  0.000430         0.000761         2540 
  0.000483         0.001062         3838 
  0.000555         0.001760         5799 
  0.000621         0.002794         8762 
  0.000900         0.004172         13237 
  0.001057         0.006277         20000 
EOF
