Tiempo [segundos] Memoria [MB] Tamaño [N]
Corrida 1:
  0.002644         0.000016         1 
  0.000249         0.000064         2 
  0.000149         0.000256         4 
  0.000029         0.001024         8 
  0.000069         0.002704         13 
  0.002783         0.007744         22 
  0.003990         0.023104         38 
  0.000326         0.065536         64 
  0.001558         0.186624         108 
  0.000713         0.535824         183 
  0.001397         1.527696         309 
  0.004056         4.326400         520 
  0.014235         12.278016         876 
  0.061385         34.857216         1476 
  0.267782         98.883136         2486 
  1.005676         280.495504         4187 
  4.013140         795.465616         7051 
  15.459060         2256.250000         11875 
  72.345806         6400.000000         20000 
Corrida 2:
  0.000117         0.000016         1 
  0.000489         0.000064         2 
  0.000064         0.000256         4 
  0.000503         0.001024         8 
  0.000088         0.002704         13 
  0.000141         0.007744         22 
  0.000273         0.023104         38 
  0.000166         0.065536         64 
  0.000369         0.186624         108 
  0.000688         0.535824         183 
  0.001573         1.527696         309 
  0.004157         4.326400         520 
  0.013984         12.278016         876 
  0.057194         34.857216         1476 
  0.263944         98.883136         2486 
  0.914365         280.495504         4187 
  3.821934         795.465616         7051 
  17.456875         2256.250000         11875 
  71.713452         6400.000000         20000 
Corrida 3:
  0.000078         0.000016         1 
  0.000041         0.000064         2 
  0.000022         0.000256         4 
  0.000128         0.001024         8 
  0.000054         0.002704         13 
  0.000152         0.007744         22 
  0.000223         0.023104         38 
  0.000260         0.065536         64 
  0.000440         0.186624         108 
  0.000660         0.535824         183 
  0.001287         1.527696         309 
  0.003469         4.326400         520 
  0.013574         12.278016         876 
  0.058834         34.857216         1476 
  0.245113         98.883136         2486 
  0.956972         280.495504         4187 
  3.508807         795.465616         7051 
  16.009915         2256.250000         11875 
  69.853730         6400.000000         20000 
Corrida 4:
  0.000109         0.000016         1 
  0.000030         0.000064         2 
  0.000025         0.000256         4 
  0.000025         0.001024         8 
  0.000032         0.002704         13 
  0.000170         0.007744         22 
  0.000264         0.023104         38 
  0.000277         0.065536         64 
  0.000442         0.186624         108 
  0.000589         0.535824         183 
  0.001268         1.527696         309 
  0.004641         4.326400         520 
  0.013463         12.278016         876 
  0.062135         34.857216         1476 
  0.247492         98.883136         2486 
  1.008302         280.495504         4187 
  3.552391         795.465616         7051 
  16.021041         2256.250000         11875 
  70.010263         6400.000000         20000 
Corrida 5:
  0.000065         0.000016         1 
  0.000024         0.000064         2 
  0.000021         0.000256         4 
  0.000021         0.001024         8 
  0.000021         0.002704         13 
  0.000075         0.007744         22 
  0.000205         0.023104         38 
  0.000248         0.065536         64 
  0.000455         0.186624         108 
  0.000699         0.535824         183 
  0.001339         1.527696         309 
  0.003607         4.326400         520 
  0.013450         12.278016         876 
  0.058450         34.857216         1476 
  0.237763         98.883136         2486 
  0.910837         280.495504         4187 
  3.744393         795.465616         7051 
  16.181565         2256.250000         11875 
  69.851384         6400.000000         20000 
Corrida 6:
  0.000050         0.000016         1 
  0.000025         0.000064         2 
  0.000021         0.000256         4 
  0.000022         0.001024         8 
  0.000022         0.002704         13 
  0.000048         0.007744         22 
  0.000680         0.023104         38 
  0.000195         0.065536         64 
  0.000246         0.186624         108 
  0.000500         0.535824         183 
  0.001161         1.527696         309 
  0.003592         4.326400         520 
  0.013702         12.278016         876 
  0.060276         34.857216         1476 
  0.241950         98.883136         2486 
  1.004923         280.495504         4187 
  3.550636         795.465616         7051 
  15.861129         2256.250000         11875 
  69.821275         6400.000000         20000 
Corrida 7:
  0.000448         0.000016         1 
  0.000071         0.000064         2 
  0.000156         0.000256         4 
  0.000038         0.001024         8 
  0.000407         0.002704         13 
  0.000168         0.007744         22 
  0.000188         0.023104         38 
  0.000144         0.065536         64 
  0.000278         0.186624         108 
  0.000546         0.535824         183 
  0.001163         1.527696         309 
  0.003617         4.326400         520 
  0.013394         12.278016         876 
  0.057106         34.857216         1476 
  0.250906         98.883136         2486 
  0.925942         280.495504         4187 
  3.572517         795.465616         7051 
  15.754931         2256.250000         11875 
  71.401760         6400.000000         20000 
Corrida 8:
  0.000066         0.000016         1 
  0.000038         0.000064         2 
  0.000051         0.000256         4 
  0.000035         0.001024         8 
  0.000051         0.002704         13 
  0.000439         0.007744         22 
  0.000214         0.023104         38 
  0.000276         0.065536         64 
  0.000345         0.186624         108 
  0.000495         0.535824         183 
  0.001165         1.527696         309 
  0.003684         4.326400         520 
  0.013639         12.278016         876 
  0.057767         34.857216         1476 
  0.246370         98.883136         2486 
  1.046974         280.495504         4187 
  3.725304         795.465616         7051 
  15.955928         2256.250000         11875 
  69.707287         6400.000000         20000 
Corrida 9:
  0.000053         0.000016         1 
  0.000024         0.000064         2 
  0.000021         0.000256         4 
  0.000022         0.001024         8 
  0.000021         0.002704         13 
  0.000173         0.007744         22 
  0.000252         0.023104         38 
  0.000257         0.065536         64 
  0.000445         0.186624         108 
  0.000691         0.535824         183 
  0.001260         1.527696         309 
  0.003786         4.326400         520 
  0.014286         12.278016         876 
  0.061981         34.857216         1476 
  0.253626         98.883136         2486 
  1.096995         280.495504         4187 
  3.643930         795.465616         7051 
  15.834058         2256.250000         11875 
  68.771729         6400.000000         20000 
Corrida 10:
  0.000102         0.000016         1 
  0.000027         0.000064         2 
  0.000024         0.000256         4 
  0.000024         0.001024         8 
  0.000038         0.002704         13 
  0.000072         0.007744         22 
  0.000316         0.023104         38 
  0.000356         0.065536         64 
  0.000397         0.186624         108 
  0.000831         0.535824         183 
  0.001539         1.527696         309 
  0.003726         4.326400         520 
  0.015127         12.278016         876 
  0.061005         34.857216         1476 
  0.273166         98.883136         2486 
  0.973728         280.495504         4187 
  3.513940         795.465616         7051 
  15.783787         2256.250000         11875 
  69.695573         6400.000000         20000 
EOF
