Tiempo [segundos] Memoria [MB] Tamaño [N]
Corrida 1:
  0.000081         0.000016         1 
  0.000032         0.000064         2 
  0.000022         0.000256         4 
  0.000021         0.001024         8 
  0.000391         0.002704         13 
  0.000073         0.007744         22 
  0.000175         0.023104         38 
  0.000174         0.065536         64 
  0.000293         0.186624         108 
  0.000542         0.535824         183 
  0.001398         1.527696         309 
  0.003925         4.326400         520 
  0.013941         12.278016         876 
  0.059397         34.857216         1476 
  0.264009         98.883136         2486 
  1.103561         280.495504         4187 
  4.627509         795.465616         7051 
  17.041333         2256.250000         11875 
  73.788688         6400.000000         20000 
Corrida 2:
  0.000061         0.000016         1 
  0.000023         0.000064         2 
  0.000020         0.000256         4 
  0.000676         0.001024         8 
  0.000032         0.002704         13 
  0.000049         0.007744         22 
  0.000157         0.023104         38 
  0.000149         0.065536         64 
  0.000252         0.186624         108 
  0.000520         0.535824         183 
  0.001385         1.527696         309 
  0.003609         4.326400         520 
  0.013625         12.278016         876 
  0.060624         34.857216         1476 
  0.258921         98.883136         2486 
  0.971994         280.495504         4187 
  3.827885         795.465616         7051 
  16.854731         2256.250000         11875 
  76.272421         6400.000000         20000 
Corrida 3:
  0.000251         0.000016         1 
  0.000042         0.000064         2 
  0.000020         0.000256         4 
  0.000050         0.001024         8 
  0.000034         0.002704         13 
  0.000076         0.007744         22 
  0.000179         0.023104         38 
  0.000297         0.065536         64 
  0.001006         0.186624         108 
  0.000535         0.535824         183 
  0.001435         1.527696         309 
  0.003690         4.326400         520 
  0.014724         12.278016         876 
  0.061601         34.857216         1476 
  0.247653         98.883136         2486 
  1.038211         280.495504         4187 
  4.075361         795.465616         7051 
  17.979429         2256.250000         11875 
  79.059845         6400.000000         20000 
Corrida 4:
  0.000130         0.000016         1 
  0.000046         0.000064         2 
  0.000033         0.000256         4 
  0.000029         0.001024         8 
  0.000038         0.002704         13 
  0.000083         0.007744         22 
  0.000282         0.023104         38 
  0.000255         0.065536         64 
  0.000282         0.186624         108 
  0.000534         0.535824         183 
  0.001200         1.527696         309 
  0.003476         4.326400         520 
  0.014024         12.278016         876 
  0.072071         34.857216         1476 
  0.261596         98.883136         2486 
  0.933068         280.495504         4187 
  3.758148         795.465616         7051 
  16.512558         2256.250000         11875 
  73.118446         6400.000000         20000 
Corrida 5:
  0.000047         0.000016         1 
  0.000034         0.000064         2 
  0.000022         0.000256         4 
  0.000021         0.001024         8 
  0.000022         0.002704         13 
  0.000053         0.007744         22 
  0.000213         0.023104         38 
  0.000721         0.065536         64 
  0.000475         0.186624         108 
  0.000557         0.535824         183 
  0.001222         1.527696         309 
  0.003519         4.326400         520 
  0.013870         12.278016         876 
  0.061288         34.857216         1476 
  0.253524         98.883136         2486 
  1.083266         280.495504         4187 
  3.737437         795.465616         7051 
  16.842037         2256.250000         11875 
  72.885463         6400.000000         20000 
Corrida 6:
  0.000064         0.000016         1 
  0.000023         0.000064         2 
  0.000020         0.000256         4 
  0.000020         0.001024         8 
  0.000031         0.002704         13 
  0.000053         0.007744         22 
  0.000215         0.023104         38 
  0.000280         0.065536         64 
  0.000272         0.186624         108 
  0.000511         0.535824         183 
  0.001208         1.527696         309 
  0.003537         4.326400         520 
  0.013648         12.278016         876 
  0.059919         34.857216         1476 
  0.247831         98.883136         2486 
  0.988870         280.495504         4187 
  3.764437         795.465616         7051 
  16.513307         2256.250000         11875 
  74.642807         6400.000000         20000 
Corrida 7:
  0.000264         0.000016         1 
  0.000076         0.000064         2 
  0.000064         0.000256         4 
  0.000112         0.001024         8 
  0.000067         0.002704         13 
  0.000080         0.007744         22 
  0.000177         0.023104         38 
  0.000313         0.065536         64 
  0.000426         0.186624         108 
  0.000680         0.535824         183 
  0.001377         1.527696         309 
  0.003841         4.326400         520 
  0.013759         12.278016         876 
  0.058569         34.857216         1476 
  0.247573         98.883136         2486 
  1.002385         280.495504         4187 
  3.910327         795.465616         7051 
  16.343158         2256.250000         11875 
  73.133343         6400.000000         20000 
Corrida 8:
  0.000045         0.000016         1 
  0.000022         0.000064         2 
  0.000019         0.000256         4 
  0.000020         0.001024         8 
  0.000020         0.002704         13 
  0.000046         0.007744         22 
  0.000334         0.023104         38 
  0.000304         0.065536         64 
  0.000436         0.186624         108 
  0.000607         0.535824         183 
  0.001220         1.527696         309 
  0.003557         4.326400         520 
  0.013672         12.278016         876 
  0.059542         34.857216         1476 
  0.249440         98.883136         2486 
  1.039273         280.495504         4187 
  3.752605         795.465616         7051 
  16.663809         2256.250000         11875 
  72.995604         6400.000000         20000 
Corrida 9:
  0.000079         0.000016         1 
  0.000029         0.000064         2 
  0.000023         0.000256         4 
  0.000022         0.001024         8 
  0.000030         0.002704         13 
  0.000075         0.007744         22 
  0.000251         0.023104         38 
  0.000264         0.065536         64 
  0.000437         0.186624         108 
  0.000656         0.535824         183 
  0.001254         1.527696         309 
  0.003621         4.326400         520 
  0.013933         12.278016         876 
  0.058701         34.857216         1476 
  0.246799         98.883136         2486 
  1.048222         280.495504         4187 
  4.449866         795.465616         7051 
  17.707769         2256.250000         11875 
  73.396394         6400.000000         20000 
Corrida 10:
  0.000047         0.000016         1 
  0.000034         0.000064         2 
  0.000022         0.000256         4 
  0.000021         0.001024         8 
  0.000021         0.002704         13 
  0.000048         0.007744         22 
  0.000292         0.023104         38 
  0.000297         0.065536         64 
  0.000446         0.186624         108 
  0.000628         0.535824         183 
  0.001251         1.527696         309 
  0.003745         4.326400         520 
  0.014015         12.278016         876 
  0.061127         34.857216         1476 
  0.247566         98.883136         2486 
  0.984849         280.495504         4187 
  3.985446         795.465616         7051 
  16.618854         2256.250000         11875 
  72.254137         6400.000000         20000 
EOF
