Tiempo [segundos] Memoria [MB] Tamaño [N]
Corrida 1:
  0.000099         0.000016         1 
  0.000166         0.000064         2 
  0.000036         0.000256         4 
  0.000035         0.001024         8 
  0.000032         0.002704         13 
  0.000128         0.007744         22 
  0.000248         0.023104         38 
  0.000279         0.065536         64 
  0.000491         0.186624         108 
  0.000715         0.535824         183 
  0.001631         1.527696         309 
  0.004665         4.326400         520 
  0.014389         12.278016         876 
  0.060817         34.857216         1476 
  0.260082         98.883136         2486 
  1.089440         280.495504         4187 
  3.748691         795.465616         7051 
  16.695107         2256.250000         11875 
  73.144154         6400.000000         20000 
Corrida 2:
  0.000083         0.000016         1 
  0.000040         0.000064         2 
  0.000051         0.000256         4 
  0.000035         0.001024         8 
  0.000033         0.002704         13 
  0.000055         0.007744         22 
  0.000168         0.023104         38 
  0.000164         0.065536         64 
  0.000289         0.186624         108 
  0.000542         0.535824         183 
  0.001348         1.527696         309 
  0.003573         4.326400         520 
  0.014274         12.278016         876 
  0.054480         34.857216         1476 
  0.249906         98.883136         2486 
  0.988712         280.495504         4187 
  3.659830         795.465616         7051 
  15.752951         2256.250000         11875 
  73.647954         6400.000000         20000 
Corrida 3:
  0.000081         0.000016         1 
  0.000040         0.000064         2 
  0.000034         0.000256         4 
  0.000036         0.001024         8 
  0.000078         0.002704         13 
  0.000075         0.007744         22 
  0.000239         0.023104         38 
  0.000289         0.065536         64 
  0.000451         0.186624         108 
  0.000544         0.535824         183 
  0.001243         1.527696         309 
  0.003717         4.326400         520 
  0.012296         12.278016         876 
  0.059949         34.857216         1476 
  0.251083         98.883136         2486 
  0.994803         280.495504         4187 
  3.693705         795.465616         7051 
  15.707738         2256.250000         11875 
  70.738395         6400.000000         20000 
Corrida 4:
  0.000079         0.000016         1 
  0.000040         0.000064         2 
  0.000050         0.000256         4 
  0.000036         0.001024         8 
  0.000379         0.002704         13 
  0.000058         0.007744         22 
  0.000150         0.023104         38 
  0.000172         0.065536         64 
  0.000311         0.186624         108 
  0.000566         0.535824         183 
  0.001407         1.527696         309 
  0.003884         4.326400         520 
  0.013597         12.278016         876 
  0.057725         34.857216         1476 
  0.247402         98.883136         2486 
  0.999281         280.495504         4187 
  3.552405         795.465616         7051 
  16.429377         2256.250000         11875 
  71.336569         6400.000000         20000 
Corrida 5:
  0.000081         0.000016         1 
  0.000056         0.000064         2 
  0.000020         0.000256         4 
  0.000053         0.001024         8 
  0.000873         0.002704         13 
  0.000058         0.007744         22 
  0.000141         0.023104         38 
  0.000143         0.065536         64 
  0.000310         0.186624         108 
  0.000562         0.535824         183 
  0.001273         1.527696         309 
  0.003924         4.326400         520 
  0.013745         12.278016         876 
  0.059867         34.857216         1476 
  0.246004         98.883136         2486 
  0.949886         280.495504         4187 
  3.869465         795.465616         7051 
  16.086572         2256.250000         11875 
  69.885148         6400.000000         20000 
Corrida 6:
  0.000077         0.000016         1 
  0.000040         0.000064         2 
  0.000033         0.000256         4 
  0.000050         0.001024         8 
  0.000036         0.002704         13 
  0.000064         0.007744         22 
  0.000168         0.023104         38 
  0.000153         0.065536         64 
  0.000277         0.186624         108 
  0.000539         0.535824         183 
  0.001234         1.527696         309 
  0.003902         4.326400         520 
  0.014383         12.278016         876 
  0.059880         34.857216         1476 
  0.231411         98.883136         2486 
  0.989202         280.495504         4187 
  3.647863         795.465616         7051 
  16.099272         2256.250000         11875 
  71.991611         6400.000000         20000 
Corrida 7:
  0.000078         0.000016         1 
  0.000041         0.000064         2 
  0.000020         0.000256         4 
  0.000036         0.001024         8 
  0.000020         0.002704         13 
  0.000392         0.007744         22 
  0.000182         0.023104         38 
  0.000298         0.065536         64 
  0.000293         0.186624         108 
  0.000556         0.535824         183 
  0.001279         1.527696         309 
  0.003627         4.326400         520 
  0.013876         12.278016         876 
  0.058471         34.857216         1476 
  0.252104         98.883136         2486 
  0.971024         280.495504         4187 
  3.561493         795.465616         7051 
  15.564091         2256.250000         11875 
  75.346737         6400.000000         20000 
Corrida 8:
  0.000073         0.000016         1 
  0.000024         0.000064         2 
  0.000020         0.000256         4 
  0.000026         0.001024         8 
  0.000087         0.002704         13 
  0.000160         0.007744         22 
  0.000287         0.023104         38 
  0.000156         0.065536         64 
  0.000300         0.186624         108 
  0.000571         0.535824         183 
  0.001227         1.527696         309 
  0.004068         4.326400         520 
  0.013354         12.278016         876 
  0.063168         34.857216         1476 
  0.252721         98.883136         2486 
  1.055273         280.495504         4187 
  4.168935         795.465616         7051 
  17.096591         2256.250000         11875 
  72.692604         6400.000000         20000 
Corrida 9:
  0.000063         0.000016         1 
  0.000023         0.000064         2 
  0.000019         0.000256         4 
  0.000020         0.001024         8 
  0.000020         0.002704         13 
  0.000067         0.007744         22 
  0.000366         0.023104         38 
  0.000255         0.065536         64 
  0.000268         0.186624         108 
  0.000556         0.535824         183 
  0.001168         1.527696         309 
  0.003904         4.326400         520 
  0.014571         12.278016         876 
  0.062430         34.857216         1476 
  0.258174         98.883136         2486 
  0.992279         280.495504         4187 
  3.868269         795.465616         7051 
  16.430002         2256.250000         11875 
  72.634475         6400.000000         20000 
Corrida 10:
  0.000079         0.000016         1 
  0.000040         0.000064         2 
  0.000022         0.000256         4 
  0.000036         0.001024         8 
  0.000054         0.002704         13 
  0.000075         0.007744         22 
  0.000178         0.023104         38 
  0.000295         0.065536         64 
  0.000431         0.186624         108 
  0.000593         0.535824         183 
  0.001260         1.527696         309 
  0.003909         4.326400         520 
  0.014861         12.278016         876 
  0.059953         34.857216         1476 
  0.246132         98.883136         2486 
  0.902484         280.495504         4187 
  3.770172         795.465616         7051 
  16.411629         2256.250000         11875 
  73.688853         6400.000000         20000 
EOF
