Tiempo [segundos] Memoria [MB] Tamaño [N]
Corrida 1:
  0.000072         0.000006         1 
  0.000032         0.000024         2 
  0.000025         0.000096         4 
  0.000026         0.000384         8 
  0.000025         0.001014         13 
  0.000559         0.002904         22 
  0.000188         0.008664         38 
  0.000150         0.024576         64 
  0.000273         0.069984         108 
  0.000478         0.200934         183 
  0.000900         0.572886         309 
  0.002452         1.622400         520 
  0.008530         4.604256         876 
  0.033806         13.071456         1476 
  0.140835         37.081176         2486 
  0.538161         105.185814         4187 
  2.001410         298.299606         7051 
  8.823850         846.093750         11875 
  36.176523         2400.000000         20000 
Corrida 2:
  0.000127         0.000006         1 
  0.000059         0.000024         2 
  0.000037         0.000096         4 
  0.000088         0.000384         8 
  0.000080         0.001014         13 
  0.000106         0.002904         22 
  0.000373         0.008664         38 
  0.000136         0.024576         64 
  0.000260         0.069984         108 
  0.000434         0.200934         183 
  0.000865         0.572886         309 
  0.002902         1.622400         520 
  0.008706         4.604256         876 
  0.034754         13.071456         1476 
  0.133980         37.081176         2486 
  0.552933         105.185814         4187 
  2.024834         298.299606         7051 
  8.261712         846.093750         11875 
  37.776285         2400.000000         20000 
Corrida 3:
  0.000093         0.000006         1 
  0.000041         0.000024         2 
  0.000033         0.000096         4 
  0.000038         0.000384         8 
  0.000049         0.001014         13 
  0.000116         0.002904         22 
  0.000186         0.008664         38 
  0.000150         0.024576         64 
  0.000242         0.069984         108 
  0.000449         0.200934         183 
  0.000905         0.572886         309 
  0.002486         1.622400         520 
  0.008862         4.604256         876 
  0.036956         13.071456         1476 
  0.141581         37.081176         2486 
  0.561325         105.185814         4187 
  2.035100         298.299606         7051 
  8.719993         846.093750         11875 
  37.695835         2400.000000         20000 
Corrida 4:
  0.000065         0.000006         1 
  0.000031         0.000024         2 
  0.000028         0.000096         4 
  0.000029         0.000384         8 
  0.000030         0.001014         13 
  0.000122         0.002904         22 
  0.000528         0.008664         38 
  0.000141         0.024576         64 
  0.000256         0.069984         108 
  0.000455         0.200934         183 
  0.000964         0.572886         309 
  0.002392         1.622400         520 
  0.008639         4.604256         876 
  0.034538         13.071456         1476 
  0.138412         37.081176         2486 
  0.575069         105.185814         4187 
  2.066031         298.299606         7051 
  8.496843         846.093750         11875 
  37.119651         2400.000000         20000 
Corrida 5:
  0.000110         0.000006         1 
  0.000033         0.000024         2 
  0.000026         0.000096         4 
  0.000085         0.000384         8 
  0.000077         0.001014         13 
  0.000116         0.002904         22 
  0.000214         0.008664         38 
  0.000246         0.024576         64 
  0.000334         0.069984         108 
  0.000437         0.200934         183 
  0.000842         0.572886         309 
  0.002463         1.622400         520 
  0.009152         4.604256         876 
  0.035863         13.071456         1476 
  0.133568         37.081176         2486 
  0.567793         105.185814         4187 
  2.003532         298.299606         7051 
  8.361642         846.093750         11875 
  36.918942         2400.000000         20000 
Corrida 6:
  0.000064         0.000006         1 
  0.000037         0.000024         2 
  0.000032         0.000096         4 
  0.000032         0.000384         8 
  0.000033         0.001014         13 
  0.000066         0.002904         22 
  0.000127         0.008664         38 
  0.000139         0.024576         64 
  0.000246         0.069984         108 
  0.000458         0.200934         183 
  0.000955         0.572886         309 
  0.002538         1.622400         520 
  0.008669         4.604256         876 
  0.034659         13.071456         1476 
  0.138582         37.081176         2486 
  0.558449         105.185814         4187 
  1.968316         298.299606         7051 
  8.590699         846.093750         11875 
  37.266720         2400.000000         20000 
Corrida 7:
  0.000080         0.000006         1 
  0.000058         0.000024         2 
  0.000045         0.000096         4 
  0.000038         0.000384         8 
  0.000032         0.001014         13 
  0.000070         0.002904         22 
  0.000140         0.008664         38 
  0.000147         0.024576         64 
  0.000254         0.069984         108 
  0.000467         0.200934         183 
  0.000924         0.572886         309 
  0.002509         1.622400         520 
  0.009642         4.604256         876 
  0.034977         13.071456         1476 
  0.135830         37.081176         2486 
  0.561383         105.185814         4187 
  2.004840         298.299606         7051 
  8.597670         846.093750         11875 
  37.422080         2400.000000         20000 
Corrida 8:
  0.000066         0.000006         1 
  0.000056         0.000024         2 
  0.000044         0.000096         4 
  0.000033         0.000384         8 
  0.000033         0.001014         13 
  0.000068         0.002904         22 
  0.000154         0.008664         38 
  0.000163         0.024576         64 
  0.000236         0.069984         108 
  0.000472         0.200934         183 
  0.000886         0.572886         309 
  0.002506         1.622400         520 
  0.008417         4.604256         876 
  0.035123         13.071456         1476 
  0.134803         37.081176         2486 
  0.578734         105.185814         4187 
  2.005512         298.299606         7051 
  8.335279         846.093750         11875 
  36.514481         2400.000000         20000 
Corrida 9:
  0.000055         0.000006         1 
  0.000027         0.000024         2 
  0.000024         0.000096         4 
  0.000023         0.000384         8 
  0.000024         0.001014         13 
  0.000059         0.002904         22 
  0.000252         0.008664         38 
  0.000261         0.024576         64 
  0.000372         0.069984         108 
  0.000577         0.200934         183 
  0.000933         0.572886         309 
  0.002550         1.622400         520 
  0.008489         4.604256         876 
  0.033779         13.071456         1476 
  0.135474         37.081176         2486 
  0.577099         105.185814         4187 
  2.005207         298.299606         7051 
  8.424339         846.093750         11875 
  36.436090         2400.000000         20000 
Corrida 10:
  0.000192         0.000006         1 
  0.000110         0.000024         2 
  0.000083         0.000096         4 
  0.000104         0.000384         8 
  0.000080         0.001014         13 
  0.000095         0.002904         22 
  0.000203         0.008664         38 
  0.000244         0.024576         64 
  0.000397         0.069984         108 
  0.000458         0.200934         183 
  0.000899         0.572886         309 
  0.002473         1.622400         520 
  0.009208         4.604256         876 
  0.035913         13.071456         1476 
  0.139273         37.081176         2486 
  0.581139         105.185814         4187 
  1.962817         298.299606         7051 
  8.618577         846.093750         11875 
  36.944471         2400.000000         20000 
EOF
