Tiempo E [segundos] Tiempo M [segundos] Tamaño [N]
Corrida 1:
  0.000078         0.015890         1 
  0.000040         0.001681         2 
  0.000031         0.000106         3 
  0.000021         0.000025         5 
  0.000049         0.000071         7 
  0.000033         0.000119         11 
  0.000076         0.112699         17 
  0.000635         0.002981         27 
  0.000204         0.000387         41 
  0.000246         0.000504         61 
  0.000121         0.007803         93 
  0.000230         0.001338         141 
  0.000204         0.003458         213 
  0.000507         0.003060         322 
  0.000475         0.004292         487 
  0.001057         0.009642         736 
  0.001300         0.031856         1113 
  0.002030         0.100393         1681 
  0.002895         0.235092         2540 
  0.003765         0.803485         3838 
  0.005910         2.355119         5799 
  0.007766         6.917451         8762 
  0.011352         23.280606         13237 
  0.017963         76.675589         20000 
Corrida 2:
  0.000031         0.000311         1 
  0.000030         0.000100         2 
  0.000022         0.000025         3 
  0.000018         0.000072         5 
  0.000020         0.000070         7 
  0.000020         0.000069         11 
  0.000066         0.000132         17 
  0.000068         0.000150         27 
  0.000068         0.000132         41 
  0.000085         0.000195         61 
  0.000083         0.000254         93 
  0.000128         0.000377         141 
  0.000146         0.000841         213 
  0.000388         0.001852         322 
  0.000342         0.004264         487 
  0.001038         0.008787         736 
  0.001250         0.029593         1113 
  0.001379         0.087630         1681 
  0.002643         0.252050         2540 
  0.003417         0.643324         3838 
  0.004918         2.254356         5799 
  0.007591         6.934363         8762 
  0.012197         23.055733         13237 
  0.018928         77.844431         20000 
Corrida 3:
  0.000031         0.000072         1 
  0.000020         0.000026         2 
  0.000018         0.000021         3 
  0.000018         0.000020         5 
  0.000018         0.000020         7 
  0.000018         0.000021         11 
  0.000021         0.000265         17 
  0.000138         0.000128         27 
  0.000075         0.000096         41 
  0.000071         0.000149         61 
  0.000074         0.000357         93 
  0.000108         0.000419         141 
  0.000146         0.000716         213 
  0.000321         0.001209         322 
  0.000356         0.002970         487 
  0.000723         0.008031         736 
  0.001213         0.024525         1113 
  0.001795         0.089989         1681 
  0.002276         0.225447         2540 
  0.003488         0.694217         3838 
  0.005816         2.385576         5799 
  0.008217         7.255555         8762 
  0.012984         23.711712         13237 
  0.020047         75.892876         20000 
Corrida 4:
  0.000030         0.000073         1 
  0.000022         0.000032         2 
  0.000019         0.000022         3 
  0.000018         0.000020         5 
  0.000018         0.000021         7 
  0.000018         0.000022         11 
  0.000022         0.000080         17 
  0.000026         0.000098         27 
  0.000025         0.000061         41 
  0.000027         0.000140         61 
  0.000031         0.000271         93 
  0.000113         0.000434         141 
  0.000099         0.000829         213 
  0.000284         0.001313         322 
  0.000339         0.003348         487 
  0.000721         0.008659         736 
  0.001158         0.027833         1113 
  0.001657         0.080607         1681 
  0.002358         0.252022         2540 
  0.003503         0.763447         3838 
  0.005295         2.684950         5799 
  0.007979         7.676790         8762 
  0.012031         25.031155         13237 
  0.019947         75.002442         20000 
Corrida 5:
  0.000030         0.000278         1 
  0.000031         0.000092         2 
  0.000022         0.000072         3 
  0.000019         0.000067         5 
  0.000020         0.000066         7 
  0.000020         0.000066         11 
  0.000066         0.000085         17 
  0.000064         0.000155         27 
  0.000071         0.000247         41 
  0.000088         0.000142         61 
  0.000083         0.000273         93 
  0.000138         0.000402         141 
  0.000147         0.000762         213 
  0.000318         0.001252         322 
  0.000346         0.003684         487 
  0.000798         0.008630         736 
  0.001334         0.032656         1113 
  0.001939         0.078276         1681 
  0.002168         0.262154         2540 
  0.003514         0.963411         3838 
  0.005505         2.440392         5799 
  0.007949         7.312186         8762 
  0.011562         23.644133         13237 
  0.020227         73.438375         20000 
Corrida 6:
  0.000030         0.000073         1 
  0.000020         0.000025         2 
  0.000019         0.000021         3 
  0.000018         0.000021         5 
  0.000018         0.000021         7 
  0.000019         0.000375         11 
  0.000139         0.000126         17 
  0.000137         0.000122         27 
  0.000078         0.000129         41 
  0.000082         0.000136         61 
  0.000080         0.000268         93 
  0.000129         0.000376         141 
  0.000129         0.000693         213 
  0.000337         0.001199         322 
  0.000352         0.002989         487 
  0.000787         0.007516         736 
  0.001203         0.028104         1113 
  0.001717         0.083186         1681 
  0.003422         0.272265         2540 
  0.003463         0.602303         3838 
  0.005249         2.153170         5799 
  0.008281         7.160840         8762 
  0.011475         23.272985         13237 
  0.020070         73.322252         20000 
Corrida 7:
  0.000030         0.000072         1 
  0.000024         0.000032         2 
  0.000020         0.000022         3 
  0.000018         0.000020         5 
  0.000018         0.000021         7 
  0.000019         0.000022         11 
  0.000236         0.000099         17 
  0.000068         0.000084         27 
  0.000068         0.000142         41 
  0.000071         0.000181         61 
  0.000073         0.000330         93 
  0.000112         0.000544         141 
  0.000144         0.000734         213 
  0.000335         0.001224         322 
  0.000351         0.003371         487 
  0.000785         0.008407         736 
  0.001166         0.027496         1113 
  0.001576         0.080043         1681 
  0.002446         0.238189         2540 
  0.003477         0.855330         3838 
  0.005375         2.272790         5799 
  0.007812         7.152450         8762 
  0.011792         23.256738         13237 
  0.020299         74.338549         20000 
Corrida 8:
  0.000031         0.000074         1 
  0.000020         0.000026         2 
  0.000019         0.000021         3 
  0.000018         0.000021         5 
  0.000018         0.000021         7 
  0.000019         0.000022         11 
  0.000520         0.000064         17 
  0.000029         0.000117         27 
  0.000075         0.000112         41 
  0.000057         0.000209         61 
  0.000071         0.000328         93 
  0.000129         0.000375         141 
  0.000147         0.000720         213 
  0.000331         0.001250         322 
  0.000268         0.003281         487 
  0.000743         0.008487         736 
  0.001184         0.028779         1113 
  0.001661         0.080207         1681 
  0.002952         0.274503         2540 
  0.003536         0.654653         3838 
  0.005328         2.395672         5799 
  0.007337         7.483365         8762 
  0.011638         22.919350         13237 
  0.018190         73.417854         20000 
Corrida 9:
  0.000031         0.000073         1 
  0.000025         0.000039         2 
  0.000020         0.000023         3 
  0.000018         0.000021         5 
  0.000018         0.000021         7 
  0.000018         0.000099         11 
  0.000068         0.000085         17 
  0.000067         0.000129         27 
  0.000070         0.000090         41 
  0.000069         0.000149         61 
  0.000071         0.000364         93 
  0.000107         0.000511         141 
  0.000145         0.000778         213 
  0.000335         0.001262         322 
  0.000356         0.003112         487 
  0.000791         0.007962         736 
  0.001166         0.028722         1113 
  0.001733         0.084406         1681 
  0.002663         0.282441         2540 
  0.003495         0.730443         3838 
  0.005021         2.331402         5799 
  0.007897         6.870157         8762 
  0.011348         22.896659         13237 
  0.020036         72.650078         20000 
Corrida 10:
  0.000030         0.000071         1 
  0.000020         0.000026         2 
  0.000019         0.000021         3 
  0.000018         0.000020         5 
  0.000018         0.000020         7 
  0.000018         0.000021         11 
  0.000566         0.000067         17 
  0.000025         0.000117         27 
  0.000075         0.000095         41 
  0.000071         0.000180         61 
  0.000071         0.000331         93 
  0.000130         0.000372         141 
  0.000147         0.000720         213 
  0.000370         0.001249         322 
  0.000389         0.003331         487 
  0.000745         0.008463         736 
  0.001141         0.025138         1113 
  0.001699         0.081937         1681 
  0.002904         0.280010         2540 
  0.003594         0.736730         3838 
  0.005186         2.279810         5799 
  0.007401         6.850501         8762 
  0.012310         22.692063         13237 
  0.019433         73.797587         20000 
EOF
